614,1506571203.3345172
614,1506571263.3915477
614,1506571323.2227209
614,1506571383.2807717
614,1506571443.059602
614,1506571503.1133745
614,1506571563.2822857
614,1506571623.0571945
614,1506571683.0598764
614,1506571743.2228901
614,1506571803.1124437
614,1506571863.2790997
614,1506571923.0594888
614,1506571983.0034587
614,1506572043.112517
614,1506572103.280106
614,1506572163.004526
614,1506572223.0589075
614,1506572283.1145735
614,1506572343.0043776
614,1506572403.004763
614,1506572463.058548
614,1506572523.0019605
614,1506572583.1123967
614,1506572643.0026178
614,1506572703.1138272
614,1506572763.0597243
614,1506572823.0049567
614,1506572883.113867
614,1506572943.169305
614,1506573003.059033
615,1506573063.2246406
615,1506573123.005983
615,1506573183.059825
615,1506573243.1692953
615,1506573303.0588355
615,1506573363.0045836
615,1506573423.001897
615,1506573483.002812
615,1506573543.113011
615,1506573603.3367138
615,1506573663.004084
615,1506573723.11645
615,1506573783.1712394
615,1506573843.1171021
615,1506573903.0028617
615,1506573963.11346
615,1506574023.1146846
615,1506574083.0029898
615,1506574143.2260332
615,1506574203.3395553
615,1506574263.006565
615,1506574323.115763
615,1506574383.004209
615,1506574443.059239
615,1506574503.1153233
615,1506574563.116102
615,1506574623.1158128
615,1506574683.2282774
615,1506574743.003932
615,1506574803.059293
615,1506574863.170298
615,1506574923.3370693
615,1506574983.1164753
615,1506575043.5025165
615,1506575103.2837813
615,1506575163.0047965
615,1506575223.0017457
615,1506575283.0606947
615,1506575343.0572293
615,1506575403.0570683
615,1506575463.3358028
616,1506575523.0587378
616,1506575583.1139538
616,1506575643.1696558
616,1506575703.0588453
616,1506575763.447266
616,1506575823.0028317
616,1506575883.0584836
616,1506575943.0587862
616,1506576003.0047324
616,1506576063.0568924
616,1506576123.0031533
616,1506576183.1141331
616,1506576243.7807095
616,1506576303.003053
616,1506576363.1154807
616,1506576423.001512
616,1506576483.1706755
616,1506576543.0579345
616,1506576603.0607817
616,1506576663.0041215
616,1506576723.0036292
616,1506576783.0583744
616,1506576843.0014584
616,1506576903.0050228
616,1506576963.0041425
616,1506577023.0608225
616,1506577083.0041296
616,1506577143.0589004
616,1506577203.0052848
616,1506577263.1696422
616,1506577323.0590367
616,1506577383.0034568
616,1506577443.336587
616,1506577503.0059721
616,1506577563.0600893
616,1506577623.1712675
616,1506577683.3361812
616,1506577743.225552
616,1506577803.1136868
616,1506577863.2281342
616,1506577923.003734
616,1506577983.005407
616,1506578043.1158564
616,1506578103.059648
616,1506578163.114919
616,1506578223.003738
616,1506578283.2800555
616,1506578343.2242026
616,1506578403.3919728
616,1506578463.225487
616,1506578523.1142864
616,1506578583.5037525
616,1506578643.0023527
616,1506578703.2270274
616,1506578763.0612686
616,1506578823.0037873
616,1506578883.1687257
616,1506578943.0574298
616,1506579003.003413
616,1506579063.0578458
616,1506579123.2282076
616,1506579183.3355513
616,1506579243.0032454
616,1506579303.4470506
616,1506579363.004377
616,1506579423.2263117
616,1506579483.06159
616,1506579543.0590885
616,1506579603.4469056
616,1506579663.2253904
616,1506579723.1147661
616,1506579783.0047154
616,1506579843.0594792
616,1506579903.0023
616,1506579963.1155958
616,1506580023.2806816
616,1506580083.0585222
616,1506580143.0579057
616,1506580203.0037465
616,1506580263.447709
616,1506580323.005105
616,1506580383.1137068
616,1506580443.1699781
616,1506580503.0607328
616,1506580563.0608866
616,1506580623.1169853
616,1506580683.0023718
616,1506580743.0612087
617,1506580803.0047026
617,1506580863.0041766
617,1506580923.0604506
617,1506580983.0036864
617,1506581043.1155417
617,1506581103.003777
617,1506581163.116303
617,1506581223.2252617
617,1506581283.116156
617,1506581343.0593836
617,1506581403.2793474
617,1506581463.003621
617,1506581523.2237008
617,1506581583.2797737
617,1506581643.1699088
617,1506581703.001858
617,1506581763.1702156
617,1506581823.0055106
617,1506581883.057073
617,1506581943.1146462
617,1506582003.057078
617,1506582063.170403
617,1506582123.0023963
617,1506582183.0589445
617,1506582243.2816377
617,1506582303.0024254
617,1506582363.112411
617,1506582423.0584815
617,1506582483.056519
617,1506582543.0583787
618,1506582603.0026643
618,1506582663.1146958
618,1506582723.2805784
618,1506582783.058666
618,1506582843.1130936
618,1506582903.005979
618,1506582963.1139011
618,1506583023.0602956
618,1506583083.0049956
618,1506583143.0050342
618,1506583203.0614364
618,1506583263.0587885
618,1506583323.173711
618,1506583383.0590396
618,1506583443.1155682
618,1506583503.0054255
618,1506583563.0066822
618,1506583623.0610716
618,1506583683.0606096
618,1506583743.0074816
618,1506583803.0045142
618,1506583863.004643
618,1506583923.2821956
618,1506583983.1188865
618,1506584043.3964655
618,1506584103.0611238
618,1506584163.0052419
618,1506584223.1721277
618,1506584283.2846658
618,1506584343.006505
618,1506584403.1166499
618,1506584463.061934
618,1506584523.0060527
618,1506584583.1159048
618,1506584643.0622275
618,1506584703.008001
618,1506584763.0057254
618,1506584823.2295842
618,1506584883.0636969
618,1506584943.2855713
618,1506585003.2277849
618,1506585063.0605972
618,1506585123.1173987
618,1506585183.0610294
618,1506585243.0038106
618,1506585303.503821
618,1506585363.1144676
618,1506585423.227799
618,1506585483.0065084
618,1506585543.0062103
618,1506585603.0601835
618,1506585663.0602574
618,1506585723.2812738
618,1506585783.0616112
618,1506585843.05903
618,1506585903.0053651
618,1506585963.3379018
618,1506586023.114648
618,1506586083.0065708
618,1506586143.2836683
618,1506586203.0057182
618,1506586263.0043204
618,1506586323.0040984
618,1506586383.0620434
618,1506586443.3384442
618,1506586503.0052705
618,1506586563.1694672
618,1506586623.7264752
618,1506586683.0613291
618,1506586743.0047023
618,1506586803.058583
618,1506586863.0041857
618,1506586923.0613937
618,1506586983.0610526
618,1506587043.0602229
618,1506587103.060344
618,1506587163.170425
618,1506587223.0039437
618,1506587283.0061114
618,1506587343.0598276
618,1506587403.006426
618,1506587463.1702383
618,1506587523.449722
618,1506587583.1724117
618,1506587643.1710892
618,1506587703.0615604
618,1506587763.0056086
618,1506587823.0052748
618,1506587883.0040119
618,1506587943.1716743
619,1506588003.1155648
619,1506588063.0589879
619,1506588123.0621734
619,1506588183.005218
619,1506588243.0592475
619,1506588303.115688
619,1506588363.1169586
619,1506588423.062765
619,1506588483.3940542
619,1506588543.0063765
619,1506588603.0035498
619,1506588663.061039
619,1506588723.0591896
619,1506588783.2286432
619,1506588843.1185246
619,1506588903.227505
619,1506588963.0043418
619,1506589023.1176157
619,1506589083.0601566
619,1506589143.281939
619,1506589203.0031102
619,1506589263.0585845
619,1506589323.0607018
619,1506589383.1696353
619,1506589443.003116
619,1506589503.005136
619,1506589563.003828
619,1506589623.225972
619,1506589683.0070517
619,1506589743.115178
619,1506589803.0616567
619,1506589863.0581365
619,1506589923.0057015
619,1506589983.1701314
619,1506590043.0038514
619,1506590103.2280517
619,1506590163.282074
619,1506590223.0061266
619,1506590283.225114
619,1506590343.0594435
619,1506590403.1130464
619,1506590463.05774
619,1506590523.2243133
619,1506590583.171572
620,1506590643.001986
620,1506590703.116204
620,1506590763.05861
620,1506590823.1690557
620,1506590883.2251139
620,1506590943.0602248
620,1506591003.1161487
620,1506591063.2804801
620,1506591123.0591958
620,1506591183.1704361
620,1506591243.0608752
620,1506591303.0065298
620,1506591363.2268944
620,1506591423.4477131
620,1506591483.0590122
620,1506591543.0061877
620,1506591603.2839866
620,1506591663.3385797
620,1506591723.1177416
620,1506591783.228673
620,1506591843.3388112
620,1506591903.0058107
620,1506591963.2292843
620,1506592023.449675
620,1506592083.1185968
620,1506592143.0061963
620,1506592203.1180198
620,1506592263.1153169
620,1506592323.0070632
620,1506592383.0083272
620,1506592443.0613923
620,1506592503.0055094
620,1506592563.3939373
620,1506592623.505851
620,1506592683.1710112
620,1506592743.2267213
620,1506592803.117259
620,1506592863.0073948
620,1506592923.0641592
620,1506592983.0061896
620,1506593043.5088925
620,1506593103.0082884
620,1506593163.0066845
620,1506593223.0082772
620,1506593283.064414
620,1506593343.0079362
620,1506593403.0093608
620,1506593463.172979
620,1506593523.0622458
620,1506593583.1187253
620,1506593643.0628736
620,1506593703.1753967
620,1506593763.0621421
620,1506593823.1213906
620,1506593883.0626056
620,1506593943.0657482
620,1506594003.0643828
620,1506594063.1208613
620,1506594123.6212618
620,1506594183.1185098
620,1506594243.0108023
620,1506594303.065102
620,1506594363.064426
620,1506594423.0631993
620,1506594483.2299159
620,1506594543.0069993
620,1506594603.2850575
620,1506594663.177394
620,1506594723.0647259
620,1506594783.011327
620,1506594843.1759653
620,1506594903.065541
620,1506594963.0647998
620,1506595023.0092587
620,1506595083.0635102
620,1506595143.0082028
620,1506595203.2317486
620,1506595263.0089827
620,1506595323.008035
620,1506595383.0644252
620,1506595443.0096636
620,1506595503.0629296
620,1506595563.0660758
620,1506595623.0100117
620,1506595683.5086956
620,1506595743.3966234
620,1506595803.0065763
620,1506595863.0634704
620,1506595923.0087104
620,1506595983.0080955
620,1506596043.006966
620,1506596103.1192281
620,1506596163.0082598
620,1506596223.0634556
620,1506596283.1180136
620,1506596343.117399
620,1506596403.0091984
620,1506596463.0078316
621,1506596523.0636597
621,1506596583.0622697
621,1506596643.065372
621,1506596703.1210759
621,1506596763.0063674
621,1506596823.064634
621,1506596883.0101624
621,1506596943.1189814
621,1506597003.2285209
621,1506597063.1758952
621,1506597123.007211
621,1506597183.0647554
621,1506597243.1190522
621,1506597303.008375
621,1506597363.007252
621,1506597423.0072665
621,1506597483.2324772
621,1506597543.1734369
621,1506597603.2308338
621,1506597663.0069888
621,1506597723.0643418
621,1506597783.1187363
621,1506597843.2873156
621,1506597903.1752846
621,1506597963.0068169
621,1506598023.0080116
621,1506598083.287628
621,1506598143.1180012
621,1506598203.0074563
621,1506598263.0661373
621,1506598323.0104554
621,1506598383.343823
621,1506598443.1191263
621,1506598503.062523
621,1506598563.006843
621,1506598623.8964262
621,1506598683.2857692
621,1506598743.0632885
621,1506598803.0650692
621,1506598863.0091128
621,1506598923.1748848
621,1506598983.2889533
621,1506599043.1755404
621,1506599103.0094216
621,1506599163.1784909
621,1506599223.1210396
621,1506599283.0649855
621,1506599343.0127447
621,1506599403.0125005
621,1506599463.0104687
622,1506599523.2341673
622,1506599583.0129676
622,1506599643.0130231
622,1506599703.3994172
622,1506599763.069366
622,1506599823.1260684
622,1506599883.0666857
622,1506599943.0128474
622,1506600003.0150387
622,1506600063.0700545
622,1506600123.2904937
622,1506600183.1802614
622,1506600243.069704
623,1506600303.1823642
623,1506600363.0694373
623,1506600423.0136826
623,1506600483.014839
623,1506600543.2379491
624,1506600603.23718
624,1506600663.237794
624,1506600723.180762
624,1506600783.2929552
624,1506600843.182893
624,1506600903.1281965
624,1506600963.013145
624,1506601023.2382119
624,1506601083.1260548
624,1506601143.01414
624,1506601203.0730848
625,1506601263.2925029
625,1506601323.128739
625,1506601383.070985
625,1506601443.0694792
625,1506601503.4027574
625,1506601563.292012
625,1506601623.0176547
625,1506601683.0728445
625,1506601743.0150516
625,1506601803.182759
625,1506601863.014826
625,1506601923.017737
625,1506601983.0160336
625,1506602043.017744
626,1506602103.1297054
626,1506602163.0735593
626,1506602223.2391732
626,1506602283.1823967
626,1506602343.0726826
626,1506602403.2390814
626,1506602463.239831
626,1506602523.0732932
626,1506602583.0177503
626,1506602643.0724955
626,1506602703.4076781
626,1506602763.1294277
626,1506602823.0719085
626,1506602883.0166566
626,1506602943.127462
626,1506603003.182671
626,1506603063.1311176
626,1506603123.519226
626,1506603183.2958496
626,1506603243.073579
626,1506603303.1265936
626,1506603363.12716
626,1506603423.013041
626,1506603483.346201
626,1506603543.0141685
626,1506603603.1221642
626,1506603663.0642102
626,1506603723.0096364
626,1506603783.2319071
626,1506603843.2886121
626,1506603903.1732929
626,1506603963.006869
626,1506604023.1190553
626,1506604083.1171696
626,1506604143.0053825
626,1506604203.0047975
626,1506604263.0050967
626,1506604323.0057104
626,1506604383.2287576
626,1506604443.1155124
626,1506604503.0064826
626,1506604563.283524
626,1506604623.006352
626,1506604683.728698
626,1506604743.283438
626,1506604803.114888
626,1506604863.5582113
626,1506604923.0614474
626,1506604983.0017328
626,1506605043.057097
626,1506605103.0576274
626,1506605163.3906567
626,1506605223.0027063
626,1506605283.1158023
626,1506605343.0060863
626,1506605403.061086
626,1506605463.0033927
626,1506605523.1694672
626,1506605583.1697235
626,1506605643.3365014
626,1506605703.1153944
626,1506605763.0598066
626,1506605823.118078
626,1506605883.394574
626,1506605943.4481506
626,1506606003.0609205
626,1506606063.2838292
626,1506606123.2282634
626,1506606183.2837605
626,1506606243.174596
626,1506606303.059439
626,1506606363.1734803
626,1506606423.0076094
626,1506606483.1179788
626,1506606543.1152844
626,1506606603.0609174
626,1506606663.115857
626,1506606723.2834778
627,1506606783.0046737
627,1506606843.173326
627,1506606903.1150122
627,1506606963.0591738
627,1506607023.0626864
627,1506607083.0036635
627,1506607143.003831
627,1506607203.0040877
627,1506607263.061524
627,1506607323.0052407
628,1506607383.117996
628,1506607443.1705081
628,1506607503.2826679
628,1506607563.0602746
628,1506607623.1162925
628,1506607683.2853854
628,1506607743.1727326
628,1506607803.2274039
628,1506607863.2843783
628,1506607923.0069861
628,1506607983.0068898
628,1506608043.119796
628,1506608103.2303035
628,1506608163.1726367
628,1506608223.1198182
628,1506608283.006605
628,1506608343.0056658
628,1506608403.2850342
628,1506608463.0612695
628,1506608523.1738071
628,1506608583.0089877
628,1506608643.0623572
628,1506608703.1192725
628,1506608763.1167169
628,1506608823.006392
628,1506608883.0643787
628,1506608943.3976858
628,1506609003.0650005
628,1506609063.0634775
628,1506609123.2293608
628,1506609183.0612106
628,1506609243.006153
628,1506609303.2303052
628,1506609363.0626833
629,1506609423.0046408
629,1506609483.0596833
629,1506609543.2227364
629,1506609603.055462
629,1506609663.0534706
629,1506609723.0532043
629,1506609783.0529583
629,1506609843.1084006
629,1506609903.0506887
629,1506609963.3836842
629,1506610023.2151265
629,1506610083.2145472
629,1506610143.2153802
629,1506610203.2142034
629,1506610263.1568885
629,1506610323.2710552
629,1506610383.0464568
629,1506610443.2138267
629,1506610503.1006927
629,1506610563.2126307
629,1506610623.0997803
629,1506610683.209596
629,1506610743.0421205
629,1506610803.0441315
630,1506610863.0992682
630,1506610923.0432339
630,1506610983.153662
630,1506611043.0433018
630,1506611103.0423822
630,1506611163.263166
630,1506611223.0415287
630,1506611283.1505723
630,1506611343.1495328
630,1506611403.2080715
630,1506611463.2080078
630,1506611523.0381083
630,1506611583.2607088
630,1506611643.4283147
630,1506611703.4816558
630,1506611763.0943742
630,1506611823.0366275
630,1506611883.0367885
630,1506611943.0371945
630,1506612003.3161747
630,1506612063.0372775
630,1506612123.034777
630,1506612183.1479838
630,1506612243.0925057
630,1506612303.0344489
630,1506612363.035257
630,1506612423.0364718
630,1506612483.0367265
630,1506612543.0343168
630,1506612603.0347626
630,1506612663.5914328
630,1506612723.2007587
630,1506612783.6464553
630,1506612843.0338423
630,1506612903.4208825
630,1506612963.1979492
630,1506613023.699385
630,1506613083.3095253
630,1506613143.0876095
630,1506613203.1986134
631,1506613263.0870042
631,1506613323.1407163
631,1506613383.199014
631,1506613443.1431549
631,1506613503.0919561
631,1506613563.0408525
631,1506613623.1015556
631,1506613683.1008556
631,1506613743.1601617
631,1506613803.0529346
631,1506613863.0535572
632,1506613923.611189
632,1506613983.0573068
632,1506614043.1714725
632,1506614103.0056245
633,1506614163.1721222
633,1506614223.1743364
633,1506614283.2323384
633,1506614343.0671692
633,1506614403.0146184
633,1506614463.0693178
633,1506614523.01273
633,1506614583.2370763
633,1506614643.293284
633,1506614703.0160413
633,1506614763.0723507
633,1506614823.630634
633,1506614883.1870282
633,1506614943.0726562
633,1506615003.0763867
633,1506615063.240364
633,1506615123.1323695
633,1506615183.0198772
633,1506615243.0780249
633,1506615303.0214956
633,1506615363.133069
633,1506615423.189036
633,1506615483.0241113
633,1506615543.0236213
633,1506615603.0785847
633,1506615663.0759609
633,1506615723.0203862
633,1506615783.5192125
633,1506615843.075201
633,1506615903.1835577
633,1506615963.183529
633,1506616023.0164282
633,1506616083.1285207
633,1506616143.293269
633,1506616203.0720026
633,1506616263.0174766
633,1506616323.015632
633,1506616383.185152
633,1506616443.0705557
633,1506616503.015681
633,1506616563.073015
633,1506616623.12815
634,1506616683.0731814
634,1506616743.0722215
634,1506616803.184095
635,1506616863.1839418
635,1506616923.0188522
635,1506616983.1845372
635,1506617043.2962105
635,1506617103.1274865
635,1506617163.0160866
635,1506617223.0742526
635,1506617283.1310308
635,1506617343.4623287
635,1506617403.4065027
635,1506617463.0749702
635,1506617523.295719
635,1506617583.0175548
635,1506617643.2388713
635,1506617703.1280792
635,1506617763.7398827
635,1506617823.070932
635,1506617883.2953281
635,1506617943.1830986
635,1506618003.237232
635,1506618063.349473
635,1506618123.0169725
636,1506618183.0715747
636,1506618243.1826897
636,1506618303.0129611
636,1506618363.0127976
636,1506618423.126878
636,1506618483.1817064
636,1506618543.0699787
636,1506618603.1248207
636,1506618663.0688324
637,1506618723.013479
638,1506618783.0142527
638,1506618843.0720296
638,1506618903.0712397
638,1506618963.125448
638,1506619023.1826737
638,1506619083.1797042
638,1506619143.2908764
638,1506619203.2373042
638,1506619263.2367432
638,1506619323.3495512
638,1506619383.1245635
638,1506619443.4041302
638,1506619503.0149574
638,1506619563.180939
638,1506619623.0151634
638,1506619683.1276038
638,1506619743.3473976
638,1506619803.181638
638,1506619863.0128736
638,1506619923.5114667
638,1506619983.0676222
638,1506620043.7341285
638,1506620103.011474
638,1506620163.1785636
638,1506620223.122714
638,1506620283.34494
638,1506620343.1239166
638,1506620403.6241791
638,1506620463.2888522
638,1506620523.0106993
638,1506620583.0158098
638,1506620643.0129945
638,1506620703.1247077
638,1506620763.178146
638,1506620823.2911928
638,1506620883.0099416
638,1506620943.0105515
638,1506621003.122469
638,1506621063.346653
638,1506621123.0660372
638,1506621183.1231575
638,1506621243.1768255
638,1506621303.0687845
638,1506621363.0130405
638,1506621423.065584
638,1506621483.0677435
638,1506621543.0653598
638,1506621603.1774604
638,1506621663.0696566
638,1506621723.2350402
638,1506621783.2911284
638,1506621843.290021
638,1506621903.1228602
638,1506621963.1241531
639,1506622023.5105164
639,1506622083.3463962
639,1506622143.068003
639,1506622203.1252427
639,1506622263.4587479
639,1506622323.01322
639,1506622383.0682707
639,1506622443.4581134
639,1506622503.1803274
639,1506622563.0136275
639,1506622623.0123947
639,1506622683.1239362
639,1506622743.0678933
639,1506622803.0130355
640,1506622863.1230428
640,1506622923.0130982
640,1506622983.3478947
640,1506623043.0118506
640,1506623103.4042034
641,1506623163.0678864
641,1506623223.069217
641,1506623283.068385
642,1506623343.0128195
642,1506623403.013045
642,1506623463.0675025
642,1506623523.4044826
643,1506623583.0118415
643,1506623643.0678327
643,1506623703.012546
643,1506623763.179472
643,1506623823.2902844
643,1506623883.4561486
643,1506623943.345997
643,1506624003.177502
644,1506624063.066369
644,1506624123.5663817
644,1506624183.735915
644,1506624243.178101
644,1506624303.011892
644,1506624363.345613
644,1506624423.1768346
644,1506624483.1213994
644,1506624543.289276
644,1506624603.1776369
644,1506624663.0653675
644,1506624723.4025059
644,1506624783.0134459
644,1506624843.0694518
645,1506624903.0136645
645,1506624963.4016175
645,1506625023.177376
645,1506625083.01104
646,1506625143.0101001
646,1506625203.0690827
646,1506625263.233464
647,1506625323.176796
647,1506625383.0664747
647,1506625443.0104647
647,1506625503.1772192
647,1506625563.067001
647,1506625623.1218357
647,1506625683.4026792
647,1506625743.2874482
647,1506625803.2905858
647,1506625863.0661027
648,1506625923.2917793
648,1506625983.0680964
648,1506626043.236516
648,1506626103.1254401
648,1506626163.1252766
648,1506626223.0110216
648,1506626283.0114684
648,1506626343.4581215
648,1506626403.125477
648,1506626463.236057
648,1506626523.0119753
648,1506626583.0707033
649,1506626643.0693817
650,1506626703.013572
650,1506626763.0686693
650,1506626823.456822
650,1506626883.180695
650,1506626943.123667
650,1506627003.0147371
650,1506627063.0162907
651,1506627123.0713928
651,1506627183.346987
651,1506627243.3468368
651,1506627303.0702026
651,1506627363.124588
651,1506627423.1243644
651,1506627483.294411
651,1506627543.1257606
651,1506627603.0701718
651,1506627663.1262913
651,1506627723.1282034
651,1506627783.3475118
651,1506627843.012777
651,1506627903.012539
651,1506627963.125452
652,1506628023.0668726
652,1506628083.1783156
652,1506628143.2350874
652,1506628203.1789877
652,1506628263.0674489
652,1506628323.1220665
652,1506628383.067551
652,1506628443.1220782
652,1506628503.124378
653,1506628563.0118926
653,1506628623.0100937
653,1506628683.1213799
653,1506628743.121897
653,1506628803.0675075
653,1506628863.2343054
653,1506628923.2364976
653,1506628983.1209495
653,1506629043.0648375
653,1506629103.1773427
653,1506629163.3985016
653,1506629223.1237047
653,1506629283.010537
653,1506629343.4004953
653,1506629403.3433046
653,1506629463.401715
653,1506629523.2872682
653,1506629583.0667813
653,1506629643.0095668
653,1506629703.2912662
653,1506629763.0120945
653,1506629823.2870612
653,1506629883.0119233
653,1506629943.0640407
653,1506630003.06544
653,1506630063.0084054
653,1506630123.1219974
653,1506630183.0120146
653,1506630243.1742377
653,1506630303.007471
653,1506630363.5097158
653,1506630423.0084176
653,1506630483.0099502
653,1506630543.6764526
653,1506630603.0070002
654,1506630663.0634375
654,1506630723.0091336
654,1506630783.0086472
654,1506630843.452287
655,1506630903.1177044
655,1506630963.0073993
655,1506631023.0076656
655,1506631083.1202629
655,1506631143.1184049
655,1506631203.062566
655,1506631263.2286708
655,1506631323.1749358
655,1506631383.0623674
655,1506631443.1745987
655,1506631503.117694
655,1506631563.060532
655,1506631623.062701
655,1506631683.1177313
655,1506631743.0620885
655,1506631803.3943377
655,1506631863.0612905
655,1506631923.007079
655,1506631983.010017
655,1506632043.010459
655,1506632103.3981311
655,1506632163.0110545
655,1506632223.2347877
655,1506632283.067817
655,1506632343.124966
655,1506632403.0662751
655,1506632463.2888708
655,1506632523.0122907
655,1506632583.011188
655,1506632643.0702498
655,1506632703.3448362
655,1506632763.1807594
656,1506632823.0687788
656,1506632883.0142615
656,1506632943.2382705
657,1506633003.124172
657,1506633063.1257405
657,1506633123.0689335
657,1506633183.1278107
657,1506633243.3489525
657,1506633303.071905
657,1506633363.0139108
657,1506633423.071691
657,1506633483.1258094
657,1506633543.0729034
657,1506633603.1271646
657,1506633663.0719342
657,1506633723.23772
657,1506633783.0724604
657,1506633843.0176966
657,1506633903.0148337
657,1506633963.1268308
657,1506634023.0714777
657,1506634083.1835647
657,1506634143.0170977
657,1506634203.2367542
657,1506634263.126414
657,1506634323.237693
657,1506634383.1282659
657,1506634443.0727866
657,1506634503.4073417
657,1506634563.1281087
657,1506634623.0714679
657,1506634683.0189648
657,1506634743.0705795
657,1506634803.0171354
657,1506634863.0157988
657,1506634923.7965589
657,1506634983.126968
657,1506635043.1832237
657,1506635103.0171714
657,1506635163.12743
657,1506635223.1288297
657,1506635283.0192475
657,1506635343.072547
657,1506635403.2407255
657,1506635463.0192628
658,1506635523.0724342
659,1506635583.2401285
660,1506635643.129839
660,1506635703.0168118
660,1506635763.07298
660,1506635823.0175452
660,1506635883.0180397
660,1506635943.2402227
660,1506636003.0181627
660,1506636063.0752037
660,1506636123.57335
660,1506636183.0183642
660,1506636243.1286354
660,1506636303.0147388
660,1506636363.0712159
660,1506636423.0174026
660,1506636483.124878
660,1506636543.1809916
661,1506636603.0703619
661,1506636663.016756
661,1506636723.3467913
661,1506636783.0158393
662,1506636843.1251585
662,1506636903.0717232
662,1506636963.0150359
663,1506637023.0711505
663,1506637083.0686464
663,1506637143.1267254
663,1506637203.0159214
663,1506637263.014011
663,1506637323.3463066
663,1506637383.2349594
663,1506637443.014878
663,1506637503.1257877
663,1506637563.1792667
663,1506637623.1794846
663,1506637683.346159
663,1506637743.4598842
663,1506637803.4589956
663,1506637863.126311
664,1506637923.179822
664,1506637983.1239278
664,1506638043.0135927
664,1506638103.013048
665,1506638163.125264
665,1506638223.1805825
665,1506638283.2360315
665,1506638343.0153
666,1506638403.0698526
666,1506638463.0142388
667,1506638523.0156631
667,1506638583.1809032
667,1506638643.0723698
667,1506638703.181468
667,1506638763.0710082
667,1506638823.017257
667,1506638883.0715683
667,1506638943.2395298
667,1506639003.071787
667,1506639063.1812356
667,1506639123.0722017
667,1506639183.0709198
667,1506639243.181217
667,1506639303.1840844
667,1506639363.0714703
667,1506639423.3480818
667,1506639483.0138745
667,1506639543.0150323
667,1506639603.3495467
667,1506639663.1837077
667,1506639723.0718856
667,1506639783.0140295
667,1506639843.2387815
667,1506639903.0732863
667,1506639963.3490782
667,1506640023.5708477
667,1506640083.2935944
667,1506640143.1264384
667,1506640203.1820455
667,1506640263.0719557
667,1506640323.0165627
667,1506640383.0695198
667,1506640443.068425
667,1506640503.0145254
667,1506640563.180209
667,1506640623.0698643
667,1506640683.4597192
667,1506640743.1274233
667,1506640803.0132217
667,1506640863.0149584
667,1506640923.1795616
668,1506640983.0121598
668,1506641043.183023
668,1506641103.0131314
668,1506641163.1245565
668,1506641223.1786842
668,1506641283.2362306
668,1506641343.0695157
668,1506641403.0692272
668,1506641463.0118113
668,1506641523.1258512
668,1506641583.4560847
668,1506641643.345327
668,1506641703.0142066
668,1506641763.1818726
668,1506641823.1244447
668,1506641883.0119247
668,1506641943.1254566
668,1506642003.068416
668,1506642063.0138304
668,1506642123.0688868
668,1506642183.0724251
668,1506642243.1814594
668,1506642303.7371492
668,1506642363.0128984
668,1506642423.1823864
669,1506642483.573025
669,1506642543.014722
669,1506642603.295174
669,1506642663.014766
669,1506642723.1291482
669,1506642783.0707533
669,1506642843.2372158
669,1506642903.1811712
669,1506642963.0166035
669,1506643023.0714748
669,1506643083.0720906
669,1506643143.0713766
669,1506643203.0157382
670,1506643263.2410648
670,1506643323.126687
670,1506643383.018205
670,1506643443.2937913
670,1506643503.0181906
670,1506643563.2403755
670,1506643623.129291
670,1506643683.237706
670,1506643743.017656
670,1506643803.0742037
670,1506643863.1284256
670,1506643923.074709
670,1506643983.3502343
670,1506644043.0193744
670,1506644103.0188978
670,1506644163.1861281
670,1506644223.0164094
670,1506644283.0742261
670,1506644343.128965
670,1506644403.1289644
670,1506644463.0715997
670,1506644523.2965112
670,1506644583.0172656
670,1506644643.018854
670,1506644703.072036
670,1506644763.1832173
670,1506644823.0168073
670,1506644883.071588
670,1506644943.1299415
670,1506645003.0177782
670,1506645063.349861
670,1506645123.0186486
670,1506645183.4080122
670,1506645243.3493176
670,1506645303.516462
670,1506645363.1281686
670,1506645423.0155997
670,1506645483.0718122
670,1506645543.4637144
670,1506645603.238658
670,1506645663.4070592
670,1506645723.074379
670,1506645783.0178144
670,1506645843.2973542
670,1506645903.2938685
670,1506645963.1282
670,1506646023.0742643
670,1506646083.0186186
670,1506646143.0161726
670,1506646203.0190113
670,1506646263.1301959
671,1506646323.075157
671,1506646383.0730784
671,1506646443.07321
673,1506646503.4075074
673,1506646563.0729022
673,1506646623.29706
673,1506646683.6870308
673,1506646743.020354
673,1506646803.1314104
673,1506646863.6872706
673,1506646923.023938
673,1506646983.0751204
