679,1506657607.1657302
679,1506657667.055481
679,1506657727.0527005
679,1506657787.1097999
679,1506657847.0532455
679,1506657907.3846571
679,1506657967.5539424
679,1506658027.1079857
679,1506658087.9408927
679,1506658147.1060944
679,1506658207.2198377
679,1506658267.2169902
679,1506658327.1085074
679,1506658387.273078
679,1506658447.1073127
679,1506658507.1044285
679,1506658567.2714074
680,1506658627.2156193
680,1506658687.1614683
680,1506658747.0483365
680,1506658807.3815918
680,1506658867.2711878
680,1506658927.0498772
680,1506658987.1597683
680,1506659047.2712362
680,1506659107.549204
680,1506659167.101999
680,1506659227.2123365
680,1506659287.1016562
680,1506659347.3225877
680,1506659407.0482244
680,1506659467.2120378
680,1506659527.1006653
680,1506659587.0469959
680,1506659647.101819
680,1506659707.2135394
680,1506659767.321432
680,1506659827.1549335
680,1506659887.045039
680,1506659947.0474699
680,1506660007.386436
680,1506660067.5546107
680,1506660127.0024643
680,1506660187.0066702
680,1506660247.2829325
680,1506660307.2308953
680,1506660367.066513
680,1506660427.3438375
680,1506660487.1245446
680,1506660547.4038463
680,1506660607.1826599
680,1506660667.0183587
680,1506660727.3498688
680,1506660787.1279624
680,1506660847.8521452
680,1506660907.5197942
680,1506660967.4643915
680,1506661027.1317327
680,1506661087.1908803
680,1506661147.0800555
680,1506661207.0230873
680,1506661267.0799325
680,1506661327.0822806
680,1506661387.4142573
680,1506661447.0804162
680,1506661507.3054178
680,1506661567.0297847
680,1506661627.1368783
680,1506661687.0309966
680,1506661747.0299084
680,1506661807.082173
680,1506661867.086643
680,1506661927.195131
680,1506661987.1397977
680,1506662047.1411662
680,1506662107.0302598
680,1506662167.0325623
680,1506662227.2543447
680,1506662287.0328002
680,1506662347.0876913
680,1506662407.0318818
680,1506662467.08953
680,1506662527.0344431
680,1506662587.0345316
680,1506662647.202039
680,1506662707.0353272
680,1506662767.1455626
680,1506662827.0341988
680,1506662887.1455722
680,1506662947.0890374
680,1506663007.146406
680,1506663067.3687325
680,1506663127.3142045
680,1506663187.034265
680,1506663247.0376942
680,1506663307.0387027
680,1506663367.314
680,1506663427.368722
680,1506663487.1470056
680,1506663547.4835672
680,1506663607.0942116
680,1506663667.0956118
680,1506663727.0370953
680,1506663787.1489618
680,1506663847.1495612
680,1506663907.3179576
680,1506663967.098016
680,1506664027.0381908
680,1506664087.036987
680,1506664147.0329783
680,1506664207.1986103
680,1506664267.1416466
680,1506664327.1407645
680,1506664387.0315406
680,1506664447.0844855
680,1506664507.0262296
680,1506664567.0842707
680,1506664627.02611
680,1506664687.1367679
680,1506664747.0269692
680,1506664807.0788536
680,1506664867.0228004
680,1506664927.0800135
680,1506664987.745869
680,1506665047.0774655
680,1506665107.0225108
680,1506665167.0220354
680,1506665227.3016453
680,1506665287.0207212
680,1506665347.0211396
680,1506665407.1312785
680,1506665467.020774
680,1506665527.0224125
680,1506665587.1893792
680,1506665647.0764482
680,1506665707.2447846
680,1506665767.4645338
680,1506665827.0773628
680,1506665887.020125
680,1506665947.020041
680,1506666007.0188787
680,1506666067.1316016
680,1506666127.0234146
680,1506666187.243559
680,1506666247.1869698
680,1506666307.0220697
680,1506666367.1307504
680,1506666427.3528597
680,1506666487.1854503
680,1506666547.1870599
680,1506666607.1323504
680,1506666667.022832
680,1506666727.24419
680,1506666787.1854603
680,1506666847.0751014
680,1506666907.0216403
680,1506666967.0741332
680,1506667027.0748522
680,1506667087.0185304
681,1506667147.7406845
681,1506667207.020364
681,1506667267.0737848
681,1506667327.462603
681,1506667387.0736537
681,1506667447.1883163
681,1506667507.1323464
681,1506667567.0787063
681,1506667627.0209672
681,1506667687.1884108
681,1506667747.0762
681,1506667807.0205379
681,1506667867.0757954
681,1506667927.076651
681,1506667987.0207362
681,1506668047.0189652
681,1506668107.0198574
681,1506668167.35343
681,1506668227.075662
681,1506668287.3545275
681,1506668347.018715
681,1506668407.0753078
681,1506668467.2978344
681,1506668527.0227644
681,1506668587.2975712
681,1506668647.132864
681,1506668707.0764668
681,1506668767.130203
681,1506668827.0200777
681,1506668887.1325269
681,1506668947.1894119
681,1506669007.1895587
681,1506669067.0225585
681,1506669127.2463317
681,1506669187.1374445
681,1506669247.1877503
681,1506669307.1328702
681,1506669367.0780857
681,1506669427.0220642
681,1506669487.0755503
681,1506669547.1315005
681,1506669607.2423108
681,1506669667.076265
681,1506669727.0205486
681,1506669787.244527
682,1506669847.2977898
682,1506669907.0759487
682,1506669967.0227997
682,1506670027.1886108
682,1506670087.022398
682,1506670147.2447045
682,1506670207.0762405
682,1506670267.1343098
682,1506670327.0227818
682,1506670387.4099946
682,1506670447.1322894
682,1506670507.1883671
682,1506670567.0795755
682,1506670627.6869986
682,1506670687.0212228
682,1506670747.077529
682,1506670807.0762422
682,1506670867.0217276
682,1506670927.0788722
682,1506670987.0240011
682,1506671047.0782628
682,1506671107.2442858
682,1506671167.0802195
682,1506671227.2475548
682,1506671287.0212963
682,1506671347.0214863
682,1506671407.4141226
682,1506671467.1340778
682,1506671527.466272
682,1506671587.2997773
682,1506671647.1892486
682,1506671707.0786154
682,1506671767.0789573
682,1506671827.0779507
682,1506671887.2466543
682,1506671947.3578339
682,1506672007.0228264
682,1506672067.0219767
682,1506672127.1339896
682,1506672187.191789
682,1506672247.0799751
682,1506672307.0771453
682,1506672367.3016617
682,1506672427.0238872
682,1506672487.1325698
682,1506672547.0247107
682,1506672607.244508
682,1506672667.245299
682,1506672727.1904635
682,1506672787.0256274
683,1506672847.0797338
683,1506672907.0768917
683,1506672967.355173
683,1506673027.1326718
683,1506673087.0223622
683,1506673147.1361928
683,1506673207.1343699
683,1506673267.2458436
683,1506673327.2459662
683,1506673387.0773928
683,1506673447.3566508
683,1506673507.0224535
683,1506673567.2458894
683,1506673627.0218205
683,1506673687.0225668
683,1506673747.30113
683,1506673807.135139
683,1506673867.023145
683,1506673927.0775175
683,1506673987.4667163
683,1506674047.078969
683,1506674107.3564734
683,1506674167.1907492
683,1506674227.080531
683,1506674287.132929
683,1506674347.135585
683,1506674407.080627
683,1506674467.0234306
683,1506674527.2455764
683,1506674587.2431357
683,1506674647.0763981
683,1506674707.021354
683,1506674767.4105794
683,1506674827.24398
683,1506674887.0213406
683,1506674947.3015783
683,1506675007.0792365
683,1506675067.412613
683,1506675127.3012037
683,1506675187.3564527
683,1506675247.0776439
683,1506675307.021325
683,1506675367.3013387
683,1506675427.0776165
683,1506675487.0783474
683,1506675547.0228086
683,1506675607.0202634
683,1506675667.579247
683,1506675727.3541136
683,1506675787.0237794
683,1506675847.0777535
683,1506675907.4108846
683,1506675967.7998273
683,1506676027.0219264
683,1506676087.078948
683,1506676147.7994258
683,1506676207.411716
683,1506676267.2463598
683,1506676327.0208967
683,1506676387.2459998
683,1506676447.021523
683,1506676507.0211284
683,1506676567.022326
683,1506676627.24342
683,1506676687.0210965
683,1506676747.0243704
683,1506676807.0234761
683,1506676867.354627
683,1506676927.1884084
683,1506676987.1899378
683,1506677047.0214043
683,1506677107.0215669
683,1506677167.0222235
683,1506677227.0216627
683,1506677287.1879482
683,1506677347.021596
683,1506677407.024663
683,1506677467.0247667
683,1506677527.1341043
683,1506677587.022223
683,1506677647.0782244
683,1506677707.0251102
683,1506677767.13422
683,1506677827.5217109
683,1506677887.2465045
683,1506677947.0773134
683,1506678007.190559
683,1506678067.2458134
683,1506678127.0236678
683,1506678187.0797355
683,1506678247.3580475
683,1506678307.135719
683,1506678367.2460537
683,1506678427.0800376
683,1506678487.0816615
683,1506678547.308466
683,1506678607.0289755
683,1506678667.031447
683,1506678727.1988735
683,1506678787.0340085
683,1506678847.0319898
683,1506678907.0344834
683,1506678967.033275
683,1506679027.0921981
683,1506679087.4251537
683,1506679147.0354712
683,1506679207.0364754
683,1506679267.0947092
683,1506679327.2045057
684,1506679387.0396717
684,1506679447.093222
684,1506679507.040375
684,1506679567.2044306
684,1506679627.2067752
684,1506679687.3167355
684,1506679747.1525447
684,1506679807.8181238
684,1506679867.0978174
684,1506679927.1505978
684,1506679987.2088072
684,1506680047.040061
684,1506680107.0430996
684,1506680167.1516156
684,1506680227.1520834
684,1506680287.0438795
684,1506680347.322097
684,1506680407.484235
684,1506680467.2057178
684,1506680527.0940406
684,1506680587.0923681
684,1506680647.0863826
684,1506680707.3089325
684,1506680767.0838487
684,1506680827.0270753
685,1506680887.139048
685,1506680947.083323
685,1506681007.0252333
685,1506681067.0811803
685,1506681127.6360865
685,1506681187.0224037
685,1506681247.022489
685,1506681307.2453756
685,1506681367.0744445
685,1506681427.021414
685,1506681487.0751562
685,1506681547.0762963
685,1506681607.073445
685,1506681667.4076138
685,1506681727.0735643
685,1506681787.130406
685,1506681847.2399745
685,1506681907.1264415
685,1506681967.129386
685,1506682027.1283143
685,1506682087.2940578
685,1506682147.0140722
685,1506682207.1259258
685,1506682267.126329
685,1506682327.0703135
685,1506682387.0124516
685,1506682447.2386038
686,1506682507.0130272
686,1506682567.1790276
686,1506682627.1263933
686,1506682687.1777394
686,1506682747.1220882
686,1506682807.0123105
686,1506682867.0134866
686,1506682927.1789048
686,1506682987.1233063
686,1506683047.3426473
686,1506683107.0653324
686,1506683167.23433
686,1506683227.065512
686,1506683287.1770263
686,1506683347.121079
686,1506683407.0080528
687,1506683467.2323005
687,1506683527.0650961
687,1506683587.0101314
687,1506683647.1767318
687,1506683707.008057
687,1506683767.0086827
687,1506683827.1194463
687,1506683887.0069258
687,1506683947.3975441
688,1506684007.0057392
688,1506684067.1727693
688,1506684127.062688
688,1506684187.1176822
688,1506684247.117343
688,1506684307.1731303
688,1506684367.2819633
688,1506684427.0068705
688,1506684487.0085251
688,1506684547.0091481
688,1506684607.0674229
688,1506684667.2902174
688,1506684727.1819885
688,1506684787.0159922
688,1506684847.0151544
688,1506684907.2410378
688,1506684967.020247
688,1506685027.2977693
688,1506685087.298198
688,1506685147.1896074
688,1506685207.4677045
688,1506685267.020991
688,1506685327.0247438
688,1506685387.0797567
688,1506685447.2451727
688,1506685507.0786538
688,1506685567.0828621
688,1506685627.0247731
688,1506685687.0806632
688,1506685747.135865
688,1506685807.0839367
688,1506685867.7512002
688,1506685927.084803
688,1506685987.084528
688,1506686047.2487407
688,1506686107.0267234
688,1506686167.02617
688,1506686227.0845582
688,1506686287.0303516
688,1506686347.2494106
688,1506686407.0835857
688,1506686467.3083925
688,1506686527.0839975
688,1506686587.3083882
688,1506686647.1964831
688,1506686707.1928911
688,1506686767.3046498
688,1506686827.1406221
688,1506686887.0817027
688,1506686947.2489574
688,1506687007.8049707
688,1506687067.084931
688,1506687127.0254667
688,1506687187.0268905
688,1506687247.0828547
688,1506687307.028505
688,1506687367.4144816
688,1506687427.0821698
688,1506687487.1936543
688,1506687547.0824525
688,1506687607.0262203
688,1506687667.2515616
688,1506687727.4738178
689,1506687787.1372952
689,1506687847.307328
689,1506687907.0276184
689,1506687967.4725883
689,1506688027.3608346
689,1506688087.195853
689,1506688147.0268342
689,1506688207.0272667
689,1506688267.2480128
689,1506688327.3055682
689,1506688387.194978
689,1506688447.026571
689,1506688507.028082
689,1506688567.2521563
689,1506688627.137398
690,1506688687.193264
690,1506688747.0815332
690,1506688807.194856
690,1506688867.3606339
691,1506688927.0258024
691,1506688987.1388144
691,1506689047.1917043
691,1506689107.026241
691,1506689167.0263658
691,1506689227.0269077
691,1506689287.0817056
691,1506689347.1379793
691,1506689407.0829883
691,1506689467.1359835
691,1506689527.1912608
691,1506689587.3062527
691,1506689647.6383383
691,1506689707.135946
691,1506689767.0253575
691,1506689827.0265238
691,1506689887.08331
691,1506689947.0831268
691,1506690007.027718
691,1506690067.1942983
692,1506690127.027254
692,1506690187.0840333
692,1506690247.0250046
692,1506690307.0815876
692,1506690367.1396396
692,1506690427.19501
692,1506690487.1361196
692,1506690547.0249593
692,1506690607.1921859
692,1506690667.0266414
692,1506690727.0843651
692,1506690787.139428
692,1506690847.0852418
692,1506690907.0277963
692,1506690967.0823448
692,1506691027.4187086
692,1506691087.0282004
692,1506691147.0275419
692,1506691207.1947937
692,1506691267.2508702
692,1506691327.307242
692,1506691387.0869043
692,1506691447.0851588
692,1506691507.0305474
692,1506691567.4740946
692,1506691627.25219
692,1506691687.2554967
692,1506691747.1968372
692,1506691807.196095
692,1506691867.029164
692,1506691927.0295968
692,1506691987.0290117
692,1506692047.195276
692,1506692107.0879688
692,1506692167.0860245
692,1506692227.0869577
692,1506692287.0319612
692,1506692347.1975658
692,1506692407.0325527
692,1506692467.0855594
692,1506692527.085791
692,1506692587.08627
692,1506692647.0851772
692,1506692707.0870948
692,1506692767.083643
692,1506692827.1947901
692,1506692887.0839188
692,1506692947.0836055
692,1506693007.2483633
692,1506693067.0281546
692,1506693127.1375663
692,1506693187.0266006
692,1506693247.4169023
692,1506693307.0254316
692,1506693367.024768
692,1506693427.5271103
693,1506693487.025007
693,1506693547.024609
693,1506693607.1358576
693,1506693667.0818405
693,1506693727.0252702
693,1506693787.0239074
693,1506693847.0787604
693,1506693907.0809646
693,1506693967.0252163
693,1506694027.414574
693,1506694087.0262165
693,1506694147.0817704
693,1506694207.3006954
693,1506694267.18947
693,1506694327.189825
693,1506694387.0271788
693,1506694447.0248573
693,1506694507.1909537
693,1506694567.0257308
694,1506694627.1903741
694,1506694687.1359732
694,1506694747.3556583
694,1506694807.0799356
694,1506694867.0261714
694,1506694927.4701517
694,1506694987.1371694
694,1506695047.0240295
694,1506695107.0791452
694,1506695167.2468255
694,1506695227.080288
694,1506695287.1926994
694,1506695347.2459133
694,1506695407.0793478
694,1506695467.0248952
694,1506695527.1369596
694,1506695587.523995
694,1506695647.0818017
694,1506695707.0243886
694,1506695767.0807385
694,1506695827.0267289
694,1506695887.0264175
694,1506695947.3048453
694,1506696007.2469268
694,1506696067.3607004
694,1506696127.192297
694,1506696187.0799766
694,1506696247.1385283
694,1506696307.1907494
694,1506696367.0792015
694,1506696427.0827525
694,1506696487.081875
694,1506696547.0805297
694,1506696607.1370513
694,1506696667.2462468
694,1506696727.0234697
694,1506696787.192944
694,1506696847.0809424
694,1506696907.1912942
694,1506696967.2501683
694,1506697027.1357877
694,1506697087.0821593
694,1506697147.1397474
694,1506697207.0244257
694,1506697267.6359377
694,1506697327.0259554
694,1506697387.0808005
694,1506697447.13795
694,1506697507.0258489
694,1506697567.084195
694,1506697627.0276048
694,1506697687.0275767
694,1506697747.6921625
694,1506697807.415863
694,1506697867.0270011
694,1506697927.0258982
694,1506697987.0847328
694,1506698047.4183793
694,1506698107.0814013
694,1506698167.24885
694,1506698227.026197
695,1506698287.0256748
696,1506698347.5259752
696,1506698407.083237
696,1506698467.0814009
696,1506698527.0270126
696,1506698587.0284755
696,1506698647.081147
696,1506698707.4171722
696,1506698767.0263438
696,1506698827.026324
696,1506698887.1367683
696,1506698947.0832334
696,1506699007.5260153
696,1506699067.0271978
696,1506699127.0241647
696,1506699187.2478633
696,1506699247.246044
697,1506699307.0805902
697,1506699367.0241406
697,1506699427.1381385
697,1506699487.0238676
697,1506699547.1901238
697,1506699607.0793357
697,1506699667.1922982
697,1506699727.0786424
697,1506699787.1369867
697,1506699847.1351025
697,1506699907.523642
697,1506699967.1902099
697,1506700027.078063
697,1506700087.1332753
697,1506700147.0229297
697,1506700207.081114
697,1506700267.0244708
697,1506700327.1334648
697,1506700387.0246787
697,1506700447.2469099
697,1506700507.025354
697,1506700567.079695
697,1506700627.1905758
697,1506700687.0790575
697,1506700747.0241725
697,1506700807.1878915
697,1506700867.1899006
698,1506700927.0809906
698,1506700987.0267015
698,1506701047.0241764
698,1506701107.025508
698,1506701167.0839767
698,1506701227.4146843
698,1506701287.194621
698,1506701347.0305407
698,1506701407.0313132
698,1506701467.083968
698,1506701527.1429756
698,1506701587.0855527
699,1506701647.196853
699,1506701707.0854716
699,1506701767.030335
699,1506701827.0302255
699,1506701887.2541392
699,1506701947.1978824
699,1506702007.0883167
699,1506702067.0303848
699,1506702127.0872347
699,1506702187.0308144
699,1506702247.1426544
700,1506702307.0331273
700,1506702367.141748
700,1506702427.1438282
701,1506702487.2013712
701,1506702547.254895
701,1506702607.032933
701,1506702667.0340836
701,1506702727.144991
701,1506702787.0334857
701,1506702847.0343046
701,1506702907.0316076
701,1506702967.1979923
701,1506703027.2526076
701,1506703087.1978076
701,1506703147.0866764
701,1506703207.473187
701,1506703267.1431956
701,1506703327.474483
701,1506703387.142405
701,1506703447.1976142
701,1506703507.0274258
701,1506703567.083552
701,1506703627.2506456
701,1506703687.0852358
701,1506703747.0859938
701,1506703807.2511594
701,1506703867.305298
701,1506703927.0302167
702,1506703987.0279782
702,1506704047.0831819
702,1506704107.08178
702,1506704167.0300748
702,1506704227.0280805
702,1506704287.250515
702,1506704347.0818212
702,1506704407.0827112
702,1506704467.0294776
703,1506704527.6383257
703,1506704587.0278866
703,1506704647.138414
703,1506704707.1366074
703,1506704767.027311
703,1506704827.1386456
703,1506704887.359927
703,1506704947.0809624
703,1506705007.1371622
703,1506705067.0295649
703,1506705127.085542
703,1506705187.027499
703,1506705247.029821
703,1506705307.0300019
703,1506705367.1382864
703,1506705427.1954377
703,1506705487.6952636
703,1506705547.1945632
703,1506705607.0840023
704,1506705667.1423879
704,1506705727.0307748
704,1506705787.4742167
704,1506705847.2527258
704,1506705907.0315998
704,1506705967.0309794
704,1506706027.0309875
704,1506706087.4178073
704,1506706147.2535708
704,1506706207.0315733
704,1506706267.1421924
704,1506706327.1974502
705,1506706387.363758
705,1506706447.0297632
705,1506706507.251251
705,1506706567.2528677
705,1506706627.3623114
706,1506706687.1417015
706,1506706747.0335512
706,1506706807.1969407
706,1506706867.0855613
706,1506706927.0850878
706,1506706987.3082817
706,1506707047.4219904
706,1506707107.4752715
706,1506707167.1423836
706,1506707227.3627052
706,1506707287.0859137
706,1506707347.0308259
706,1506707407.1418788
706,1506707467.0851524
706,1506707527.3082974
706,1506707587.0287068
706,1506707647.0846026
706,1506707707.0302155
706,1506707767.031379
706,1506707827.3625348
706,1506707887.028679
706,1506707947.251895
706,1506708007.195122
706,1506708067.3089874
706,1506708127.0840719
707,1506708187.1975873
707,1506708247.0297751
707,1506708307.0319178
707,1506708367.3636758
707,1506708427.1976852
707,1506708487.0859828
707,1506708547.2521987
707,1506708607.0288665
707,1506708667.0308332
707,1506708727.19708
707,1506708787.141879
707,1506708847.0875862
707,1506708907.0838993
707,1506708967.1390302
707,1506709027.1407192
707,1506709087.0857067
707,1506709147.087263
707,1506709207.0867596
707,1506709267.0318048
707,1506709327.1400568
707,1506709387.0839093
707,1506709447.1416428
707,1506709507.0316286
707,1506709567.0296795
707,1506709627.087019
707,1506709687.029129
707,1506709747.3636098
707,1506709807.0850704
707,1506709867.0288477
707,1506709927.0286596
707,1506709987.028836
707,1506710047.0284336
707,1506710107.0880206
707,1506710167.0303168
707,1506710227.029131
707,1506710287.0867321
707,1506710347.2517967
707,1506710407.1960475
707,1506710467.1428883
707,1506710527.1405277
707,1506710587.1399877
707,1506710647.140739
707,1506710707.0304058
707,1506710767.0845568
707,1506710827.1427958
707,1506710887.084851
707,1506710947.031336
707,1506711007.0872512
707,1506711067.0291803
707,1506711127.0878108
707,1506711187.0869725
707,1506711247.088132
707,1506711307.6423743
707,1506711367.4185197
707,1506711427.0306892
707,1506711487.0322237
707,1506711547.0295067
707,1506711607.250915
707,1506711667.0360148
707,1506711727.1410291
707,1506711787.1414497
707,1506711847.363855
707,1506711907.029681
707,1506711967.142833
707,1506712027.0320048
707,1506712087.029831
707,1506712147.3658187
707,1506712207.1966019
707,1506712267.0879507
707,1506712327.2521532
707,1506712387.088232
707,1506712447.1993117
707,1506712507.4740064
707,1506712567.0861049
707,1506712627.0871575
707,1506712687.086431
707,1506712747.1401334
707,1506712807.031384
707,1506712867.0869725
707,1506712927.085901
707,1506712987.251887
707,1506713047.2522178
707,1506713107.0878792
708,1506713167.1417716
708,1506713227.140692
708,1506713287.0865214
708,1506713347.1957812
708,1506713407.0848262
708,1506713467.198998
708,1506713527.0306563
708,1506713587.3099084
708,1506713647.2514787
708,1506713707.0296066
708,1506713767.0322785
708,1506713827.3085122
708,1506713887.1995482
709,1506713947.0289588
709,1506714007.3080401
709,1506714067.0846524
709,1506714127.140339
709,1506714187.085389
709,1506714247.1401732
709,1506714307.0293524
709,1506714367.0286658
709,1506714427.0883436
709,1506714487.196958
709,1506714547.25241
709,1506714607.140567
709,1506714667.088319
709,1506714727.5305111
709,1506714787.0865443
709,1506714847.3100097
709,1506714907.1435018
709,1506714967.5861576
709,1506715027.0878377
709,1506715087.0289822
709,1506715147.0286126
709,1506715207.0294077
711,1506715267.0844204
711,1506715327.0315025
711,1506715387.1980734
711,1506715447.086454
711,1506715507.0855172
711,1506715567.0312586
711,1506715627.143649
711,1506715687.1438723
711,1506715747.0855203
711,1506715807.1408348
711,1506715867.0883386
712,1506715927.196277
712,1506715987.421669
712,1506716047.0878768
712,1506716107.3641596
712,1506716167.1408825
712,1506716227.1980293
712,1506716287.0890236
712,1506716347.1431057
712,1506716407.0315747
712,1506716467.0855794
712,1506716527.1425085
712,1506716587.032004
712,1506716647.032904
712,1506716707.0296814
712,1506716767.0302691
712,1506716827.0310423
712,1506716887.033666
712,1506716947.032225
712,1506717007.0312824
712,1506717067.1410851
712,1506717127.141859
712,1506717187.0315337
712,1506717247.030896
712,1506717307.086947
712,1506717367.1432724
712,1506717427.0319228
712,1506717487.254834
712,1506717547.087557
712,1506717607.0316074
712,1506717667.0859756
712,1506717727.3075495
712,1506717787.031
712,1506717847.032993
712,1506717907.0297935
712,1506717967.0851643
712,1506718027.085601
712,1506718087.0319731
712,1506718147.0859535
712,1506718207.030578
712,1506718267.0322955
712,1506718327.0321348
712,1506718387.087799
712,1506718447.1414735
712,1506718507.0302286
712,1506718567.0311482
712,1506718627.0845988
712,1506718687.4181426
712,1506718747.0320132
712,1506718807.2532356
713,1506718867.0876937
713,1506718927.251817
713,1506718988.0312853
713,1506719048.198164
713,1506719108.0877388
713,1506719168.0312207
713,1506719228.1418505
713,1506719288.0850368
713,1506719348.0294151
713,1506719408.364757
713,1506719468.0296786
713,1506719528.03182
713,1506719588.141065
713,1506719648.1434984
713,1506719708.0336936
713,1506719768.141804
713,1506719828.0323253
713,1506719888.0335462
713,1506719948.5339646
713,1506720008.1426198
713,1506720068.032875
713,1506720128.0318356
713,1506720188.420339
713,1506720248.4199264
713,1506720308.090043
713,1506720368.0899835
713,1506720428.0317698
713,1506720488.0903168
713,1506720548.0878003
713,1506720608.0864341
713,1506720668.3109941
713,1506720728.0344982
713,1506720788.0868185
713,1506720848.0867038
713,1506720908.0902922
713,1506720968.03176
713,1506721028.086775
713,1506721088.144178
713,1506721148.2015612
713,1506721208.0875196
713,1506721268.3105469
713,1506721328.035223
713,1506721388.4226508
713,1506721448.2006543
713,1506721508.0864596
713,1506721568.0321412
713,1506721628.0309613
713,1506721688.2558043
713,1506721748.3683076
713,1506721808.364748
713,1506721868.6429334
713,1506721928.1994464
713,1506721988.1442995
713,1506722048.0321298
713,1506722108.031987
713,1506722168.5327055
713,1506722228.0894108
713,1506722288.089528
713,1506722348.090222
713,1506722408.1442902
713,1506722468.0328133
713,1506722528.034152
714,1506722588.310953
716,1506722648.2012522
716,1506722708.2541883
716,1506722768.0876155
716,1506722828.0895643
716,1506722888.0324385
716,1506722948.0342128
716,1506723008.0332298
716,1506723068.3653276
716,1506723128.4241018
716,1506723188.0900424
716,1506723248.08844
716,1506723308.0902808
716,1506723368.421594
716,1506723428.0888422
716,1506723488.1985857
716,1506723548.0887089
716,1506723608.253651
716,1506723668.2542465
716,1506723728.031654
716,1506723788.0325038
716,1506723848.0893745
716,1506723908.4756582
716,1506723968.6446831
716,1506724028.034996
716,1506724088.1443834
716,1506724148.0879195
716,1506724208.144308
716,1506724268.034008
716,1506724328.090605
716,1506724388.2554135
716,1506724448.0322127
716,1506724508.0336492
716,1506724568.1444123
716,1506724628.08906
716,1506724688.0334654
716,1506724748.0873706
716,1506724808.5346448
716,1506724868.0887933
716,1506724928.201083
716,1506724988.0318496
716,1506725048.1977134
717,1506725108.2012854
717,1506725168.0310438
717,1506725228.033391
717,1506725288.1459413
718,1506725348.3097727
718,1506725408.0879498
718,1506725468.4240994
718,1506725528.087869
718,1506725588.5885344
718,1506725648.0891917
718,1506725708.0306299
718,1506725768.420259
718,1506725828.0340986
718,1506725888.1990871
718,1506725948.0890417
718,1506726008.0891843
718,1506726068.364412
718,1506726128.8085463
718,1506726188.1432767
718,1506726248.0319946
718,1506726308.1428983
718,1506726368.0309434
718,1506726428.253617
718,1506726488.0891385
718,1506726548.1432343
718,1506726608.1990788
718,1506726668.0891073
718,1506726728.0874686
718,1506726788.03331
718,1506726848.0333576
718,1506726908.086418
718,1506726968.0330937
718,1506727028.033105
718,1506727088.1437087
718,1506727148.5308106
718,1506727208.032793
718,1506727268.0317082
718,1506727328.2541032
718,1506727388.2533207
718,1506727448.0322206
718,1506727508.0878682
718,1506727568.0329885
718,1506727628.1454701
718,1506727688.1972067
718,1506727748.1448858
718,1506727808.0859873
718,1506727868.0877028
718,1506727928.142527
718,1506727988.031075
718,1506728048.1452694
718,1506728108.085887
718,1506728168.199872
718,1506728228.2531862
718,1506728288.254215
718,1506728348.1442018
718,1506728408.0331056
718,1506728468.1437502
718,1506728528.0330288
718,1506728588.144358
718,1506728648.0340705
718,1506728708.1426437
718,1506728768.3099902
718,1506728828.2540052
718,1506728888.3093095
718,1506728948.031994
718,1506729008.08962
718,1506729068.0309641
718,1506729128.2545156
718,1506729188.3644142
718,1506729248.0885096
718,1506729308.0898855
718,1506729368.0318747
718,1506729428.0874887
718,1506729488.4790199
718,1506729548.0309548
718,1506729608.0871396
718,1506729668.1430113
718,1506729728.0893986
718,1506729788.2547877
718,1506729848.033031
718,1506729908.0342329
718,1506729968.309384
718,1506730028.14247
718,1506730088.3091376
718,1506730148.197927
718,1506730208.032067
718,1506730268.201087
718,1506730328.1427681
718,1506730388.032853
718,1506730448.2538629
718,1506730508.0889633
718,1506730568.0874703
718,1506730628.0330153
718,1506730688.1991546
718,1506730748.032147
718,1506730808.0351322
718,1506730868.0340815
718,1506730928.3108792
718,1506730988.087433
718,1506731048.0355208
718,1506731108.088523
718,1506731168.9232848
718,1506731228.2549872
718,1506731288.0875282
719,1506731348.2009392
719,1506731408.0880163
719,1506731468.0897555
719,1506731528.199073
719,1506731588.0902727
719,1506731648.0337198
719,1506731708.2017376
719,1506731768.03375
719,1506731828.2023776
719,1506731888.0904548
719,1506731948.0323076
719,1506732008.2577682
719,1506732068.2542422
719,1506732128.033299
719,1506732188.2541006
719,1506732248.3099892
719,1506732308.0346415
719,1506732368.2573855
720,1506732428.0356545
720,1506732488.032236
720,1506732548.03402
720,1506732608.142905
720,1506732668.0351598
720,1506732728.0339527
720,1506732788.423724
720,1506732848.2570786
720,1506732908.0891914
720,1506732968.201893
720,1506733028.0889356
720,1506733088.2002878
720,1506733148.2001634
720,1506733208.0331862
720,1506733268.0332675
720,1506733328.0326345
720,1506733388.1449938
720,1506733448.034217
720,1506733508.7547777
721,1506733568.0360205
721,1506733628.0884151
721,1506733688.1463134
721,1506733748.1436734
721,1506733808.1429787
721,1506733868.1994247
721,1506733928.034893
721,1506733988.0913885
721,1506734048.035331
721,1506734108.0342531
721,1506734168.3661084
721,1506734228.1431844
721,1506734288.0326147
721,1506734348.0882351
721,1506734408.088118
721,1506734468.0901577
721,1506734528.0344384
721,1506734588.0359983
721,1506734648.0872862
721,1506734708.0321279
721,1506734768.0911224
721,1506734828.1999366
721,1506734888.0344107
721,1506734948.0326927
721,1506735008.0348394
721,1506735068.0899718
721,1506735128.202917
721,1506735188.0906975
721,1506735248.088535
721,1506735308.310295
721,1506735368.257228
721,1506735428.0890012
721,1506735488.0342567
721,1506735548.3108535
721,1506735608.1441772
721,1506735668.0346975
721,1506735728.0335946
721,1506735788.032034
721,1506735848.2569237
721,1506735908.0910835
721,1506735968.033076
721,1506736028.0874126
721,1506736088.3665922
721,1506736148.2543218
721,1506736208.1985006
721,1506736268.0872874
721,1506736328.0889907
722,1506736388.419799
722,1506736448.699985
722,1506736508.0865638
722,1506736568.0336447
722,1506736628.143761
722,1506736688.0323963
722,1506736748.311646
722,1506736808.1979325
722,1506736868.2538645
722,1506736928.1974316
722,1506736988.0310514
722,1506737048.1449065
722,1506737108.0877435
722,1506737168.309481
722,1506737228.1437292
722,1506737288.0327027
722,1506737348.1426263
722,1506737408.2006881
722,1506737468.0311222
722,1506737528.256235
722,1506737588.2534504
722,1506737648.1436906
722,1506737708.0856912
722,1506737768.0337102
722,1506737828.0317695
722,1506737888.1429749
722,1506737948.3662844
722,1506738008.0306923
722,1506738068.477029
722,1506738128.0309513
722,1506738188.0302305
722,1506738248.2536194
722,1506738308.086968
722,1506738368.0312467
722,1506738428.0304568
722,1506738488.0856879
722,1506738548.031333
722,1506738608.0887153
722,1506738668.2563431
722,1506738728.0314624
722,1506738788.086471
722,1506738848.0324273
722,1506738908.0319097
722,1506738968.0862484
722,1506739028.087811
722,1506739088.2002304
722,1506739148.0870662
722,1506739208.2007058
722,1506739268.1973343
723,1506739328.0316586
723,1506739388.088668
723,1506739448.141259
723,1506739508.3675902
723,1506739568.1436584
723,1506739628.3668659
723,1506739688.0876591
723,1506739748.1416805
723,1506739808.0874257
723,1506739868.0324519
723,1506739928.1994214
723,1506739988.0890162
723,1506740048.3127213
723,1506740108.0890281
723,1506740168.0330765
723,1506740228.199975
723,1506740288.0329816
723,1506740348.037645
723,1506740408.0900886
723,1506740468.1461906
723,1506740528.4809663
723,1506740588.149178
723,1506740648.147706
723,1506740709.4789138
723,1506740769.0940952
723,1506740829.0350943
723,1506740889.0912683
723,1506740949.092852
723,1506741009.0368037
723,1506741069.0364318
723,1506741129.2605522
723,1506741189.6504452
723,1506741249.2043824
723,1506741309.03726
723,1506741369.09215
723,1506741429.1475961
723,1506741489.261171
723,1506741549.1493938
723,1506741609.259649
723,1506741669.09239
723,1506741729.0940087
723,1506741789.204279
723,1506741849.2066808
724,1506741909.0937252
724,1506741969.039651
724,1506742029.0363493
724,1506742089.0391698
724,1506742149.484456
724,1506742209.0367558
724,1506742269.0917764
724,1506742329.2584689
724,1506742389.0381641
724,1506742449.4259744
724,1506742509.5930643
724,1506742569.2045393
725,1506742629.2038424
725,1506742689.5413585
725,1506742749.095661
725,1506742809.0398285
725,1506742869.1498427
725,1506742929.0368419
725,1506742989.2046251
726,1506743049.0935762
726,1506743109.0396063
726,1506743169.2063937
726,1506743229.204783
726,1506743289.0928905
726,1506743349.0933855
726,1506743409.037454
726,1506743469.3180835
726,1506743529.0377653
726,1506743589.094531
726,1506743649.151967
726,1506743709.2041416
726,1506743769.0955985
726,1506743829.1486795
726,1506743889.0381937
726,1506743949.4270616
