1110453,1505966421.4125957
1110799,1505966481.0752964
1111151,1505966541.023203
1111493,1505966601.0779064
1111848,1505966661.2424014
1112197,1505966721.13226
1112522,1505966781.0241916
1112889,1505966841.0215673
1113222,1505966901.4113336
1113549,1505966961.1352158
1113898,1505967021.1881878
1114250,1505967081.0781972
1114580,1505967141.190758
1114934,1505967201.1352541
1115277,1505967261.1892703
1115624,1505967321.0797703
1115977,1505967381.3569462
1116327,1505967441.5771034
1116673,1505967501.1326544
1117031,1505967561.0779445
1117384,1505967621.2465255
1117732,1505967681.1904619
1118059,1505967741.0244205
1118425,1505967801.0263858
1118770,1505967861.0785525
1119115,1505967921.0235171
1119452,1505967981.0759382
1119826,1505968041.131118
1120155,1505968101.019399
1120520,1505968161.2421947
1120866,1505968221.0222006
1121187,1505968281.0757716
1121555,1505968341.4090798
1121907,1505968401.2943368
1122236,1505968461.3524017
1122584,1505968521.237572
1122953,1505968581.1298122
1123289,1505968641.0715466
1123635,1505968701.184167
1123978,1505968761.4062932
1124345,1505968821.1811516
1124689,1505968881.0133564
1125041,1505968941.4041462
1125381,1505969001.068907
1125718,1505969061.016465
1126093,1505969121.2381692
1126446,1505969181.0150106
1126774,1505969241.1265693
1127139,1505969301.013447
1127492,1505969361.29076
1127845,1505969421.291644
1128176,1505969481.069479
1128543,1505969541.0689106
1128876,1505969601.1798468
1129257,1505969661.014685
1129588,1505969721.6825283
1129907,1505969781.2374477
1130273,1505969841.0146675
1130625,1505969901.0110695
1130965,1505969961.1256566
1131311,1505970021.4037228
1131675,1505970081.0128405
1132004,1505970141.5134969
1132335,1505970201.068162
1132690,1505970261.0133936
1133048,1505970321.348015
1133391,1505970381.4045208
1133742,1505970441.0672328
1134095,1505970501.6790655
1134422,1505970561.4051301
1134785,1505970621.0148664
1135127,1505970681.0153286
1135465,1505970741.123468
1135826,1505970801.0169094
1136181,1505970861.1238112
1136527,1505970921.234814
1136867,1505970981.2354515
1137226,1505971041.1811779
1137568,1505971101.0123575
1137930,1505971161.1247802
1138261,1505971221.067967
1138602,1505971281.0122201
1138970,1505971341.4047427
1139323,1505971401.0135632
1139680,1505971461.0138447
1140011,1505971521.0136907
1140365,1505971581.4562106
1140708,1505971641.180238
1141053,1505971701.1236916
1141402,1505971761.3475134
1141769,1505971821.1235054
1142106,1505971881.290145
1142464,1505971941.5135543
1142822,1505972002.0117004
1143153,1505972062.4569662
1143525,1505972122.234816
1143872,1505972182.1805952
1144207,1505972242.2921007
1144555,1505972302.0664437
1144918,1505972362.0128546
1145267,1505972422.0134232
1145609,1505972482.066518
1145969,1505972542.013948
1146320,1505972602.3473434
1146658,1505972662.0678875
1147009,1505972722.0686178
1147364,1505972782.0143824
1147716,1505972842.0118499
1148086,1505972902.3479538
1148441,1505972962.5108683
1148774,1505973022.345901
1149139,1505973082.0671268
1149477,1505973142.399114
1149832,1505973202.2917662
1150166,1505973262.0101137
1150528,1505973322.0117874
1150859,1505973382.0123544
1151211,1505973442.0129707
1151558,1505973502.0120888
1151885,1505973562.2900329
1152259,1505973622.1799521
1152604,1505973682.0695105
1152945,1505973742.344457
1153287,1505973802.7339835
1153663,1505973862.1243773
1154005,1505973922.0663378
1154347,1505973982.1793008
1154689,1505974042.010629
1155037,1505974102.4018736
1155372,1505974162.1812227
1155724,1505974222.0692813
1156055,1505974282.0675657
1156406,1505974342.5138047
1156774,1505974402.015175
1157127,1505974462.1241853
1157460,1505974522.01339
1157820,1505974582.127589
1158168,1505974642.0139716
1158532,1505974702.1270049
1158849,1505974762.0160055
1159220,1505974822.1263883
1159550,1505974882.0172975
1159903,1505974942.0721908
1160254,1505975002.0728357
1160581,1505975062.0723727
1160943,1505975122.016274
1161301,1505975182.236787
1161635,1505975242.1828094
1161967,1505975302.1827085
1162334,1505975362.0718875
1162669,1505975422.129372
1163003,1505975482.515035
1163352,1505975542.4600098
1163712,1505975602.3519409
1164043,1505975662.0735059
1164396,1505975722.1270263
1164749,1505975782.6298096
1165074,1505975842.0756948
1165447,1505975902.0163202
1165779,1505975962.2378724
1166109,1505976022.071312
1166460,1505976082.0191693
1166820,1505976142.016649
1167153,1505976202.018043
1167494,1505976262.3521204
1167843,1505976322.1273494
1168180,1505976382.2392719
1168526,1505976442.0182605
1168869,1505976502.0169
1169214,1505976562.5183775
1169576,1505976622.0165584
1169927,1505976682.0188806
1170278,1505976742.0170302
1170610,1505976802.1852582
1170981,1505976862.015938
1171324,1505976922.0166566
1171665,1505976982.017477
1172017,1505977042.0185716
1172388,1505977102.016293
1172720,1505977162.1279569
1173076,1505977222.073111
1173426,1505977282.0724986
1173755,1505977342.1292794
1174127,1505977402.0183375
1174474,1505977462.1837156
1174812,1505977522.0200982
1175158,1505977582.1285386
1175524,1505977642.018861
1175862,1505977702.1301718
1176192,1505977762.352378
1176544,1505977822.2401607
1176902,1505977882.0179944
1177241,1505977942.0722554
1177587,1505978002.409599
1177934,1505978062.0174613
1178272,1505978122.2409892
1178630,1505978182.6291933
1178975,1505978242.0733461
1179300,1505978302.0183737
1179660,1505978362.0764682
1180013,1505978422.7959478
1180358,1505978482.1286414
1180690,1505978542.0177634
1181062,1505978602.183198
1181389,1505978662.0736613
1181762,1505978722.3482852
1182101,1505978782.0723007
1182433,1505978842.0710166
1182795,1505978902.0723078
1183140,1505978962.2962005
1183473,1505979022.0170965
1183807,1505979082.295291
1184180,1505979142.0723443
1184504,1505979202.0168357
1184841,1505979262.1257951
1185187,1505979322.1847978
1185528,1505979382.2396033
1185870,1505979442.0153477
1186229,1505979502.2953904
1186575,1505979562.0156677
1186911,1505979622.295251
1187267,1505979682.016875
1187607,1505979742.184119
1187951,1505979802.0716522
1188300,1505979862.0150547
1188660,1505979922.183711
1189005,1505979982.0181441
1189347,1505980042.182567
1189700,1505980102.0157807
1190044,1505980162.294079
1190405,1505980222.2375565
1190745,1505980282.0720665
1191090,1505980342.2379296
1191452,1505980402.128306
1191797,1505980462.2391992
1192140,1505980522.183796
1192483,1505980582.0206418
1192848,1505980642.1287103
1193183,1505980702.1272478
1193517,1505980762.0709035
1193855,1505980822.0151463
1194224,1505980882.2960145
1194551,1505980942.4067664
1194908,1505981002.2388935
1195259,1505981062.1295323
1195593,1505981122.0734699
1195949,1505981182.0741122
1196290,1505981242.0158951
1196621,1505981302.1846764
1196967,1505981362.128199
1197332,1505981422.0184224
1197676,1505981482.1861055
1198013,1505981542.0725503
1198363,1505981602.2403808
1198703,1505981662.182751
1199041,1505981722.0199313
1199390,1505981782.0190878
1199749,1505981842.018676
1200098,1505981902.1861315
1200459,1505981962.0193164
1200805,1505982022.238609
1201143,1505982082.0716007
1201500,1505982142.0725014
1201837,1505982202.1288404
1202186,1505982262.0754237
1202519,1505982322.1833928
1202882,1505982382.2429016
1203209,1505982442.5162184
1203584,1505982502.2935805
1203925,1505982562.126737
1204262,1505982622.1859038
1204635,1505982682.0716255
1204975,1505982742.0162818
1205308,1505982802.349058
1205646,1505982862.462055
1206015,1505982922.6857271
1206351,1505982982.0750363
1206688,1505983042.2379234
1207037,1505983102.0161338
1207386,1505983162.1305265
1207728,1505983222.0711572
1208091,1505983282.85297
1208439,1505983342.130817
1208790,1505983402.1862628
1209152,1505983462.0180233
1209515,1505983522.019377
1209847,1505983582.5161247
1210201,1505983642.0156627
1210554,1505983702.0710835
1210904,1505983762.1306088
1211224,1505983822.0156686
1211595,1505983882.1279502
1211923,1505983942.018895
1212288,1505984002.0161834
1212631,1505984062.7391713
1212954,1505984122.0188024
1213323,1505984182.0160463
1213678,1505984242.0711277
1214012,1505984302.1822624
1214354,1505984362.0175033
1214720,1505984422.0715985
1215057,1505984482.0167603
1215398,1505984542.2384403
1215748,1505984602.017464
1216106,1505984662.0751357
1216441,1505984722.1835394
1216803,1505984782.1834211
1217149,1505984842.4059153
1217488,1505984902.1821907
1217866,1505984962.1299672
1218199,1505985022.0192666
1218541,1505985082.071263
1218886,1505985142.1303387
1219247,1505985202.0743966
1219590,1505985262.2394788
1219944,1505985322.0195959
1220295,1505985382.0721877
1220635,1505985442.071306
1220985,1505985502.0732062
1221328,1505985562.128532
1221683,1505985622.1280613
1222038,1505985682.0185711
1222381,1505985742.2945359
1222728,1505985802.2401495
1223062,1505985862.5163176
1223435,1505985922.5169373
1223776,1505985982.0740352
1224113,1505986042.351941
1224464,1505986102.241781
1224819,1505986162.0712514
1225149,1505986222.0170193
1225516,1505986282.0173092
1225863,1505986342.072221
1226180,1505986402.0199623
1226556,1505986462.1272235
1226891,1505986522.2409496
1227231,1505986582.0713549
1227578,1505986642.129011
1227940,1505986702.018884
1228283,1505986762.0161655
1228628,1505986822.0159569
1228978,1505986882.3510659
1229338,1505986942.1311045
1229679,1505987002.0161824
1230031,1505987062.1288044
1230381,1505987122.018762
1230722,1505987182.0183928
1231078,1505987242.2953851
1231435,1505987302.1291513
1231770,1505987362.0200748
1232133,1505987422.1282322
1232484,1505987482.5184662
1232840,1505987542.0748951
1233172,1505987602.0196843
1233542,1505987662.1844516
1233877,1505987722.0746562
1234237,1505987782.0714395
1234581,1505987842.1843314
1234908,1505987902.0198886
1235274,1505987962.1837099
1235620,1505988022.0175664
1235954,1505988082.186423
1236305,1505988142.018927
1236676,1505988202.5732248
1237014,1505988262.127058
1237346,1505988322.018199
1237695,1505988382.0728629
1238041,1505988442.071844
1238389,1505988502.0739663
1238742,1505988562.4074864
1239078,1505988622.130269
1239418,1505988682.0181162
1239780,1505988742.2950578
1240128,1505988802.074816
1240456,1505988862.072172
1240811,1505988922.0722725
1241162,1505988982.350969
1241507,1505989042.0196593
1241835,1505989102.2410219
1242193,1505989162.016375
1242533,1505989222.1302803
1242884,1505989282.1869624
1243216,1505989342.1838493
1243555,1505989402.462257
1243911,1505989462.0186918
1244270,1505989522.0175085
1244618,1505989582.3518884
1244962,1505989642.0755506
1245317,1505989702.0166037
1245658,1505989762.2387733
1245992,1505989822.2955709
1246325,1505989882.018553
1246683,1505989942.187197
1247021,1505990002.1839912
1247366,1505990062.1849163
1247708,1505990122.0172935
1248032,1505990182.0738356
1248407,1505990242.0752892
1248743,1505990302.352366
1249083,1505990362.3514566
1249423,1505990422.0725613
1249771,1505990482.0194542
1250108,1505990542.0171878
1250454,1505990602.2410285
1250802,1505990662.0197616
1251133,1505990722.1848874
1251473,1505990782.0181525
1251812,1505990842.128923
1252161,1505990902.0186863
1252496,1505990962.016706
1252848,1505991022.1835067
1253204,1505991082.1310673
1253535,1505991142.184802
1253884,1505991202.1293733
1254211,1505991262.1853876
1254569,1505991322.0738256
1254903,1505991382.0174973
1255259,1505991442.295886
1255590,1505991502.294322
1255936,1505991562.0162323
1256275,1505991622.4069731
1256602,1505991682.1273215
1256968,1505991742.1852849
1257308,1505991802.0756426
1257644,1505991862.0196981
1257990,1505991922.0720007
1258353,1505991982.3520794
1258706,1505992042.0727177
1259049,1505992102.2397656
1259393,1505992162.0173826
1259750,1505992222.1286588
1260089,1505992282.0176535
1260449,1505992342.8503363
1260792,1505992402.353509
1261141,1505992462.3505147
1261505,1505992522.0178945
1261862,1505992582.0722082
1262195,1505992642.071717
1262548,1505992702.075774
1262900,1505992762.0164888
1263263,1505992822.0751963
1263594,1505992882.0722182
1263975,1505992942.1306598
1264312,1505993002.6304667
1264663,1505993062.0198274
1264995,1505993122.407605
1265321,1505993182.1849868
1265685,1505993242.2408624
1266044,1505993302.185942
1266372,1505993362.019067
1266711,1505993422.0762374
1267073,1505993482.0172057
1267425,1505993542.0750353
1267761,1505993602.0719306
1268116,1505993662.0201116
1268480,1505993722.0759544
1268811,1505993782.1282969
1269169,1505993842.0174482
1269510,1505993902.016499
1269848,1505993962.0739322
1270216,1505994022.128009
1270552,1505994082.0737529
1270899,1505994142.3533306
1271253,1505994202.7413692
1271612,1505994262.239135
1271951,1505994322.0759373
1272300,1505994382.0169678
1272665,1505994442.5171573
1273009,1505994502.072652
1273363,1505994562.0198362
1273700,1505994622.407199
1274051,1505994682.075627
1274420,1505994742.2966812
1274777,1505994802.0199535
1275137,1505994862.0780368
1275478,1505994922.1842399
1275847,1505994982.131279
1276197,1505995042.184656
1276538,1505995102.1859853
1276895,1505995162.0756824
1277266,1505995222.076643
1277603,1505995282.073742
1277966,1505995342.0736775
1278318,1505995402.0192957
1278646,1505995462.0211892
1279021,1505995522.0181868
1279382,1505995582.021162
1279728,1505995642.0741365
1280078,1505995702.019584
1280440,1505995762.2960455
1280782,1505995822.0197427
1281136,1505995882.0194104
1281497,1505995942.0188916
1281867,1505996002.410703
1282216,1505996062.0770648
1282576,1505996122.18489
1282931,1505996182.0210102
1283287,1505996242.3544712
1283644,1505996302.129549
1284011,1505996362.2412217
1284350,1505996422.1319256
1284714,1505996482.5779114
1285069,1505996542.2441144
1285434,1505996602.4099452
1285772,1505996662.0745163
1286146,1505996722.1889274
1286493,1505996782.1858325
1286856,1505996842.7966583
1287199,1505996902.0212502
1287542,1505996962.0202048
1287931,1505997022.0213513
1288286,1505997082.0207572
1288627,1505997142.1328585
1288975,1505997202.2975402
1289345,1505997262.3004143
1289678,1505997322.1327465
1290034,1505997382.4106016
1290392,1505997442.075715
1290748,1505997502.075177
1291108,1505997562.1327481
1291469,1505997622.0193508
1291833,1505997682.4090059
1292185,1505997742.0203125
1292556,1505997802.242453
1292909,1505997862.0197194
1293258,1505997922.076228
1293621,1505997982.1875396
1293981,1505998042.2411115
1294336,1505998102.13065
1294670,1505998162.13371
1295042,1505998222.0194144
1295384,1505998282.0763707
1295749,1505998342.0224159
1296090,1505998402.2444677
1296431,1505998462.2448106
1296795,1505998522.1304178
1297149,1505998582.1303506
1297511,1505998642.0756567
1297862,1505998702.074934
1298221,1505998762.0217817
1298569,1505998822.0215266
1298921,1505998882.0217903
1299277,1505998942.298984
1299642,1505999002.132374
1299970,1505999062.4110103
1300330,1505999122.0206048
1300681,1505999182.0195901
1301014,1505999242.0223897
1301384,1505999302.0781767
1301741,1505999362.0751758
1302082,1505999422.0779216
1302444,1505999482.2985656
1302810,1505999542.1898327
1303173,1505999602.023011
1303520,1505999662.0222464
1303877,1505999722.019601
1304230,1505999782.1890802
1304580,1505999842.0227299
1304913,1505999902.0217004
1305271,1505999962.0760717
1305634,1506000022.0222535
1305979,1506000082.1312249
1306338,1506000142.0210807
1306668,1506000202.0202558
1307024,1506000262.2428486
1307368,1506000322.245782
1307718,1506000382.243807
1308059,1506000442.0232313
1308422,1506000502.0200865
1308745,1506000562.1877718
1309101,1506000622.0777545
1309425,1506000682.079077
1309759,1506000742.0201414
1310120,1506000802.0193958
1310461,1506000862.0761259
1310803,1506000922.2431772
1311139,1506000982.1317122
1311503,1506001042.02229
1311846,1506001102.0215414
1312184,1506001162.0756123
1312525,1506001222.2412388
1312867,1506001282.1309185
1313198,1506001342.0202699
1313539,1506001402.4104698
1313868,1506001462.0213845
1314220,1506001522.1329906
1314578,1506001582.2446961
1314936,1506001642.5767934
1315270,1506001702.4115982
1315631,1506001762.2445414
1315976,1506001822.0205238
1316322,1506001882.2987983
1316666,1506001942.133161
1317035,1506002002.189272
1317372,1506002062.2424033
1317729,1506002122.020042
1318057,1506002182.0771072
1318389,1506002242.075443
1318742,1506002302.0197594
1319078,1506002362.0769756
1319420,1506002422.3531134
1319775,1506002482.0198686
1320152,1506002542.131227
1320495,1506002602.298236
1320835,1506002662.0207717
1321198,1506002722.075391
1321569,1506002782.0784652
1321914,1506002842.1856802
1322282,1506002902.1880362
1322615,1506002962.0764382
1322957,1506003022.3001387
1323317,1506003082.0197542
1323672,1506003142.0770826
1324019,1506003202.075604
1324359,1506003262.2986333
1324722,1506003322.188623
1325085,1506003382.0200348
1325440,1506003442.1335785
1325796,1506003502.1340141
1326129,1506003562.1323483
1326493,1506003622.2998157
1326830,1506003682.3554027
1327181,1506003742.0774817
1327543,1506003802.022021
1327907,1506003862.02386
1328272,1506003922.3559768
1328616,1506003982.020023
1328990,1506004042.076962
1329339,1506004102.2993987
1329697,1506004162.0770352
1330054,1506004222.189051
1330429,1506004282.0235353
1330779,1506004342.0787137
1331148,1506004402.0237384
1331499,1506004462.0208628
1331838,1506004522.3572114
1332221,1506004582.2463768
1332593,1506004642.022699
1332943,1506004702.1889107
1333293,1506004762.0756986
1333669,1506004822.1871364
1334026,1506004882.189469
1334372,1506004942.0236819
1334724,1506005002.245286
1335076,1506005062.0767636
1335437,1506005122.02214
1335792,1506005182.2994502
1336145,1506005242.1882997
1336506,1506005302.189318
1336874,1506005362.300716
1337247,1506005422.3574743
1337591,1506005482.3002641
1337973,1506005542.0210028
1338341,1506005602.0782454
1338718,1506005662.0220065
1339062,1506005722.0774956
1339444,1506005782.243448
1339790,1506005842.0760663
1340175,1506005902.801144
1340526,1506005962.0237405
1340878,1506006022.0786443
1341261,1506006082.632741
1341627,1506006142.1326468
1341982,1506006202.1333213
1342332,1506006262.0764003
1342719,1506006322.0215495
1343078,1506006382.1329474
1343434,1506006442.1900697
1343784,1506006502.0775137
1344156,1506006562.0801234
1344521,1506006622.3014874
1344893,1506006682.0201578
1345237,1506006742.0766127
1345588,1506006802.355614
1345959,1506006862.1350212
1346322,1506006922.3544888
1346672,1506006982.0203705
1347040,1506007042.0204384
1347393,1506007102.188631
1347776,1506007162.1890247
1348114,1506007222.2424777
1348485,1506007282.1901712
1348829,1506007342.079689
1349193,1506007402.1870327
1349526,1506007462.4099467
1349882,1506007522.0219178
1350263,1506007582.0760922
1350630,1506007642.0229502
1350999,1506007702.2988846
1351350,1506007762.1348622
1351728,1506007822.187771
1352078,1506007882.1349049
1352436,1506007942.0201614
1352792,1506008002.1314611
1353171,1506008062.1877701
1353515,1506008122.076671
1353884,1506008182.0790648
1354248,1506008242.132407
1354608,1506008302.4109771
1354984,1506008362.0763605
1355345,1506008422.0794065
1355701,1506008482.689777
1356066,1506008542.0792935
1356430,1506008602.1898162
1356805,1506008662.4122984
1357160,1506008722.0789557
1357525,1506008782.0232081
1357876,1506008842.133925
1358237,1506008902.0234516
1358591,1506008962.0759661
1358954,1506009022.413018
1359314,1506009082.0235283
1359673,1506009142.0235224
1360037,1506009202.0224051
1360396,1506009262.1887524
1360768,1506009322.0219932
1361120,1506009382.0781066
1361482,1506009442.2446184
1361820,1506009502.2997458
1362217,1506009562.3018613
1362560,1506009622.0762827
1362945,1506009682.8573577
1363296,1506009742.023256
1363649,1506009802.4116127
1364010,1506009862.3011544
1364372,1506009922.1907997
1364724,1506009982.30227
1365069,1506010042.078302
1365445,1506010102.3006682
1365793,1506010162.0239635
1366150,1506010222.356781
1366508,1506010282.4127777
1366872,1506010342.2994003
1367233,1506010402.078792
1367606,1506010462.0216727
1367963,1506010522.188868
1368350,1506010582.078751
1368721,1506010642.0238943
1369093,1506010702.2438412
1369435,1506010762.189815
1369799,1506010822.1345048
1370137,1506010882.080522
1370503,1506010942.3016868
1370839,1506011002.0243423
1371210,1506011062.025261
1371547,1506011122.246253
1371913,1506011182.1335897
1372261,1506011242.0224793
1372619,1506011302.0783768
1373008,1506011362.1900928
1373381,1506011422.0776103
1373754,1506011482.0238526
1374121,1506011542.6358504
1374499,1506011602.0227568
1374863,1506011662.0231695
1375235,1506011722.080638
1375594,1506011782.1370218
1375978,1506011842.02521
1376343,1506011902.0772283
1376726,1506011962.0250394
1377089,1506012022.1360118
1377447,1506012082.0225463
1377839,1506012142.1354508
1378206,1506012202.0804992
1378568,1506012262.078688
1378931,1506012322.189303
1379312,1506012382.0243447
1379679,1506012442.021207
1380056,1506012502.3574712
1380427,1506012562.410493
1380779,1506012622.2459967
1381145,1506012682.079432
1381497,1506012742.0770729
1381869,1506012802.023488
1382240,1506012862.0233667
1382605,1506012922.412498
1382997,1506012982.0779898
1383360,1506013042.2998886
1383735,1506013102.132523
1384096,1506013162.0210447
1384458,1506013222.023018
1384811,1506013282.1334746
1385193,1506013342.4134243
1385551,1506013402.1913543
1385937,1506013462.18766
1386299,1506013522.2460406
1386658,1506013582.0793307
1387051,1506013642.1877291
1387426,1506013702.0236497
1387780,1506013762.0208046
1388156,1506013822.1903553
1388540,1506013882.2456515
1388906,1506013942.0773551
1389264,1506014002.0768192
1389627,1506014062.0235913
1389993,1506014122.4662485
1390354,1506014182.0785906
1390732,1506014242.021918
1391098,1506014302.1904697
1391461,1506014362.0227587
1391844,1506014422.5210958
1392220,1506014482.0785162
1392590,1506014542.0778491
1392959,1506014602.078142
1393331,1506014662.4685156
1393702,1506014722.0217104
1394059,1506014782.021004
1394442,1506014842.0225096
1394798,1506014902.0216544
1395182,1506014962.4095352
1395550,1506015022.2464902
1395917,1506015082.1889021
1396305,1506015142.302007
1396667,1506015202.2434525
1397020,1506015262.0787523
1397394,1506015322.5228817
1397781,1506015382.0788198
1398139,1506015442.188652
1398517,1506015502.0224433
1398886,1506015562.470312
1399256,1506015622.0254538
1399624,1506015682.0224268
1400015,1506015742.0231647
1400384,1506015802.1899474
1400740,1506015862.0808845
1401125,1506015922.0805337
1401498,1506015982.0226603
1401853,1506016042.0257413
1402221,1506016102.2484753
1402591,1506016162.081503
1402972,1506016222.2459803
1403314,1506016282.0814009
1403698,1506016342.0253181
1404057,1506016402.0783098
1404429,1506016462.5790327
1404774,1506016522.0261018
1405147,1506016582.0819142
1405530,1506016642.4677222
1405911,1506016702.0234158
1406290,1506016762.0789146
1406663,1506016822.0243242
1407051,1506016882.3602931
1407417,1506016942.135764
1407788,1506017002.191078
1408160,1506017062.4162192
1408538,1506017122.3576977
1408896,1506017182.023822
1409275,1506017242.134707
1409643,1506017302.027656
1410013,1506017362.2472916
1410403,1506017422.0832481
1410774,1506017482.0803473
1411137,1506017542.5252657
1411513,1506017602.0804577
1411899,1506017662.6929123
1412273,1506017722.1929495
1412638,1506017782.0798228
1413007,1506017842.1928535
1413375,1506017902.13678
1413754,1506017962.025007
1414112,1506018022.1931982
1414472,1506018082.3040388
1414847,1506018142.1944573
1415219,1506018202.0831811
1415593,1506018262.24947
1415957,1506018322.248139
1416337,1506018382.58243
1416700,1506018442.082538
1417074,1506018502.023867
1417427,1506018562.082273
1417807,1506018622.138621
1418158,1506018682.0796802
1418545,1506018742.1385539
1418908,1506018802.0282998
1419267,1506018862.1933124
1419644,1506018922.0832577
1420004,1506018982.02427
1420361,1506019042.080769
1420716,1506019102.1362677
1421103,1506019162.6369607
1421442,1506019222.0274844
1421804,1506019282.081344
1422155,1506019342.1382763
1422510,1506019402.1387093
1422864,1506019462.079056
1423227,1506019522.692163
1423579,1506019582.0818994
1423934,1506019642.5262487
1424296,1506019702.190617
1424655,1506019762.1365967
1425005,1506019822.0266109
1425370,1506019882.3016346
1425732,1506019942.0805595
1426093,1506020002.4118106
1426434,1506020062.026407
1426801,1506020122.3581371
1427145,1506020182.302217
1427514,1506020242.2454495
1427860,1506020302.026666
1428211,1506020362.082349
1428585,1506020422.0239077
1428938,1506020482.08224
1429293,1506020542.136963
1429646,1506020602.1918561
1430030,1506020662.2480965
1430380,1506020722.0262601
1430735,1506020782.1340654
1431087,1506020842.0240922
1431444,1506020902.0228324
1431791,1506020962.1907768
1432170,1506021022.19078
1432523,1506021082.2480772
1432872,1506021142.2484741
1433246,1506021202.078143
1433597,1506021262.0262702
1433958,1506021322.1908774
1434323,1506021382.3558817
1434697,1506021442.0251803
1435055,1506021502.0800815
1435420,1506021562.1887763
1435773,1506021622.245455
1436122,1506021682.0787718
1436493,1506021742.078372
1436842,1506021802.1925783
1437199,1506021862.136687
1437562,1506021922.1905646
1437915,1506021982.0811045
1438273,1506022042.1356955
1438639,1506022103.4111867
1439019,1506022163.3568468
1439366,1506022223.2462468
1439733,1506022283.081207
1440073,1506022343.0252683
1440431,1506022403.0256965
1440784,1506022463.079023
1441155,1506022523.1902828
1441521,1506022583.1348782
1441853,1506022643.1897287
1442239,1506022703.0784423
1442578,1506022763.0220773
1442921,1506022823.0244098
1443272,1506022883.2997599
1443654,1506022943.18905
1443997,1506023003.0779989
1444349,1506023063.0236678
1444686,1506023123.189892
1445038,1506023183.2460713
1445389,1506023243.0238822
1445752,1506023303.0258486
1446117,1506023363.024321
1446462,1506023423.2456846
1446821,1506023483.1897388
1447186,1506023543.304333
1447524,1506023603.0263393
1447893,1506023663.0238874
1448227,1506023723.0244162
1448594,1506023783.4142022
1448928,1506023843.4158106
1449286,1506023903.5792654
1449607,1506023963.4153836
1449971,1506024023.4125493
1450315,1506024083.3612435
1450660,1506024143.2463617
1451021,1506024203.1362433
1451371,1506024263.1388478
1451709,1506024323.6354477
1452055,1506024383.0807762
1452436,1506024443.0270405
1452781,1506024503.1389103
1453139,1506024563.2494855
1453479,1506024623.357894
1453828,1506024683.025865
1454177,1506024743.4716353
1454552,1506024803.026654
1454905,1506024863.1386158
1455238,1506024923.027595
1455610,1506024983.0255342
1455965,1506025043.135729
1456303,1506025103.0281672
1456672,1506025163.192734
1457028,1506025223.1952696
1457390,1506025283.0837753
1457720,1506025343.1946354
1458081,1506025403.136745
1458428,1506025463.1363297
1458783,1506025523.0827286
1459119,1506025583.0830579
1459473,1506025643.0265887
1459847,1506025703.0828617
1460205,1506025763.1372628
1460547,1506025823.0286233
1460899,1506025883.1360474
1461276,1506025943.0838575
1461629,1506026003.0825446
1461984,1506026063.5815995
1462342,1506026123.0278466
1462714,1506026183.0811424
1463071,1506026243.0824454
1463438,1506026303.1365237
1463801,1506026363.1362646
1464152,1506026423.025738
1464534,1506026483.1372435
1464888,1506026543.416851
1465235,1506026603.1357465
1465595,1506026663.415497
1465970,1506026723.029034
1466323,1506026783.0818324
1466670,1506026843.1954381
1467014,1506026903.30505
1467369,1506026963.1928895
1467723,1506027023.3686142
1468077,1506027083.081536
1468438,1506027143.1398518
1468791,1506027203.028932
1469146,1506027263.1395142
1469503,1506027323.191652
1469858,1506027383.0276182
1470234,1506027443.1936607
1470584,1506027503.027301
1470946,1506027563.0282874
1471284,1506027623.136858
1471662,1506027683.0814607
1472001,1506027743.304263
1472365,1506027803.1931407
1472721,1506027863.360872
1473074,1506027923.2467046
1473447,1506027983.190954
1473805,1506028043.1932259
1474151,1506028103.135068
1474496,1506028163.1379325
1474881,1506028223.0247428
1475226,1506028283.1350863
1475585,1506028343.303937
1475920,1506028403.1903906
1476288,1506028463.136601
1476642,1506028523.081941
1477005,1506028583.0256407
1477363,1506028643.023448
1477714,1506028703.303915
1478086,1506028763.0246212
1478459,1506028823.0251436
1478794,1506028883.080865
1479171,1506028943.0235922
1479547,1506029003.0248566
1479910,1506029063.1349185
1480260,1506029123.4142103
1480632,1506029183.19093
1480968,1506029243.079526
1481335,1506029303.0268931
1481682,1506029363.0240672
1482033,1506029423.1359541
1482401,1506029483.3034472
1482769,1506029543.0258589
1483124,1506029603.0247009
1483467,1506029663.2499893
1483849,1506029723.0261414
1484205,1506029783.0274844
1484557,1506029843.3601377
1484908,1506029903.1356869
1485264,1506029963.3015916
1485612,1506030023.0809305
1485994,1506030083.0256147
1486349,1506030143.1917608
1486696,1506030203.026579
1487075,1506030263.1376212
1487426,1506030323.0836134
1487788,1506030383.0822947
1488148,1506030443.080416
1488534,1506030503.1379542
1488898,1506030563.1928568
1489258,1506030623.082836
1489603,1506030683.0269845
1489953,1506030743.027987
1490327,1506030803.0285726
1490675,1506030863.081278
1491047,1506030923.0254123
1491420,1506030983.1920245
1491788,1506031043.3023667
1492150,1506031103.3035467
1492500,1506031163.0279045
1492887,1506031223.41433
1493239,1506031283.0805292
1493601,1506031343.4164946
1493947,1506031403.0813134
1494316,1506031463.0246494
1494650,1506031523.0817175
1495011,1506031583.2479603
1495361,1506031643.0271587
1495701,1506031703.083715
1496078,1506031763.0265167
1496431,1506031823.0251634
1496782,1506031883.0257754
1497126,1506031943.3586812
1497504,1506032003.0255935
1497847,1506032063.029224
1498189,1506032123.0281477
1498545,1506032183.3580709
1498890,1506032243.1365173
1499236,1506032303.4165294
1499603,1506032363.3031774
1499967,1506032423.3026652
1500318,1506032483.2489285
1500679,1506032543.1954923
1501049,1506032603.1384325
1501386,1506032663.1391623
1501769,1506032723.029092
1502126,1506032783.358557
1502483,1506032843.0826743
1502815,1506032903.0805244
1503177,1506032963.3598168
1503509,1506033023.1916788
1503872,1506033083.1918101
1504228,1506033143.0280843
1504574,1506033203.0835955
1504946,1506033263.082495
1505301,1506033323.3618042
1505640,1506033383.1955254
1505995,1506033443.4163458
1506376,1506033503.5263145
1506725,1506033563.2494614
1507072,1506033623.0285215
1507414,1506033683.0279543
1507772,1506033743.3055596
1508116,1506033803.1963418
1508477,1506033863.0827453
1508829,1506033923.6398003
1509182,1506033983.1413784
1509554,1506034043.0307662
1509924,1506034103.2498803
1510267,1506034163.0281901
1510625,1506034223.0288427
1510985,1506034283.029013
1511342,1506034343.0858903
1511679,1506034403.0314615
1512043,1506034463.0289872
1512397,1506034523.0288148
1512769,1506034583.1965573
1513104,1506034643.0303206
1513463,1506034703.0292978
1513835,1506034763.1974852
1514189,1506034823.1426609
1514554,1506034883.3619535
1514901,1506034943.032261
1515269,1506035003.419686
1515613,1506035063.0313988
1515957,1506035123.362572
1516304,1506035183.141857
1516666,1506035243.5318575
1517007,1506035303.030956
1517369,1506035363.0290792
1517721,1506035423.1420915
1518068,1506035483.1398013
1518446,1506035543.2531679
1518802,1506035603.1417212
1519157,1506035663.1387177
1519516,1506035723.1391215
1519887,1506035783.0857294
1520257,1506035843.0844464
1520607,1506035903.0843527
1520959,1506035963.1401534
1521306,1506036023.0275068
1521659,1506036083.1394083
1522012,1506036143.0845504
1522376,1506036203.0288956
1522738,1506036263.1365812
1523098,1506036323.1367493
1523464,1506036383.0282445
1523811,1506036443.0266824
1524186,1506036503.1368558
1524528,1506036563.0266178
1524883,1506036623.1360543
1525222,1506036683.2475264
1525593,1506036743.1944535
1525926,1506036803.0276403
1526291,1506036863.2463737
1526640,1506036923.1945362
1526988,1506036983.2487664
1527384,1506037043.1927133
1527745,1506037103.0811005
1528101,1506037163.2501364
1528463,1506037223.3603091
1528839,1506037283.6358836
1529197,1506037343.0811756
1529552,1506037403.080646
1529899,1506037463.0257497
1530269,1506037523.0276127
1530617,1506037583.1906447
1530970,1506037643.024615
1531322,1506037703.5245697
1531668,1506037763.0244994
1532039,1506037823.246816
1532404,1506037883.0265439
1532753,1506037943.1383038
1533127,1506038003.3055902
1533484,1506038063.0846796
1533860,1506038123.1382415
1534206,1506038183.1941335
1534573,1506038243.2475343
1534908,1506038303.027575
1535280,1506038363.248417
1535617,1506038423.027322
1535971,1506038483.0292337
1536340,1506038543.1929586
1536691,1506038603.0813034
1537044,1506038663.2482686
1537401,1506038723.0288308
1537788,1506038783.0828116
1538141,1506038843.0263214
1538494,1506038903.1400406
1538858,1506038963.027797
1539221,1506039023.192518
1539577,1506039083.195026
1539948,1506039143.470906
1540306,1506039203.0297654
1540655,1506039263.0839145
1541038,1506039323.1394122
1541391,1506039383.3609014
1541741,1506039443.1932108
1542104,1506039503.2496068
1542475,1506039563.0821474
1542849,1506039623.1958206
1543205,1506039683.2479596
1543562,1506039743.2499847
1543900,1506039803.2491596
1544266,1506039863.0262392
1544609,1506039923.5252492
1544961,1506039983.1954541
1545351,1506040043.026034
1545711,1506040103.0836227
1546075,1506040163.3056855
1546423,1506040223.139513
1546810,1506040283.1365788
1547169,1506040343.0823212
1547542,1506040403.0254543
1547889,1506040463.192538
1548266,1506040523.3053398
1548616,1506040583.3052723
1548985,1506040643.0838327
1549344,1506040703.135819
1549687,1506040763.1950486
1550078,1506040823.1920204
1550420,1506040883.30461
1550769,1506040943.3063123
1551117,1506041003.0824695
1551486,1506041063.0805068
1551850,1506041123.1914706
1552196,1506041183.1931925
1552541,1506041243.2491887
1552906,1506041303.0285869
1553254,1506041363.0268586
1553607,1506041423.0268114
1553964,1506041483.2484546
1554323,1506041543.193871
1554688,1506041603.0805137
1555058,1506041663.0272882
1555397,1506041723.0829535
1555789,1506041783.0247695
1556137,1506041843.0803163
1556502,1506041903.1350472
1556825,1506041963.302329
1557181,1506042023.0246308
1557513,1506042083.0810058
1557886,1506042143.3034296
1558226,1506042203.081433
1558583,1506042263.191778
1558953,1506042323.0800374
1559291,1506042383.024973
1559639,1506042443.2448733
1560017,1506042503.2475436
1560389,1506042563.1331825
1560754,1506042623.136074
1561135,1506042683.2464428
1561507,1506042743.0262487
1561855,1506042803.3032181
1562222,1506042863.911966
1562585,1506042923.0814927
1562952,1506042983.0809853
1563296,1506043043.0249286
1563664,1506043103.0230696
1564039,1506043163.1358533
1564433,1506043223.021567
1564788,1506043283.0226383
1565164,1506043343.0220716
1565547,1506043403.244121
1565924,1506043463.0800693
1566285,1506043523.191109
1566658,1506043583.0229301
1567042,1506043643.0793338
1567426,1506043703.0786986
1567784,1506043763.1885185
1568164,1506043823.0227194
1568525,1506043883.0252385
1568897,1506043943.1354222
1569283,1506044003.026372
1569654,1506044063.0275679
1570031,1506044123.0241156
1570418,1506044183.190773
1570782,1506044243.080631
1571143,1506044303.027281
1571515,1506044363.08305
1571900,1506044423.0258665
1572291,1506044483.2466576
1572658,1506044543.5286226
1573022,1506044603.1384525
1573385,1506044663.3070853
1573759,1506044723.193707
1574112,1506044783.0255318
1574483,1506044843.0275176
1574862,1506044903.0819507
1575235,1506044963.136797
1575618,1506045023.307335
1575976,1506045083.1385536
1576350,1506045143.0267537
1576717,1506045203.0825286
1577089,1506045263.139567
1577455,1506045323.0831637
1577821,1506045383.0278614
1578171,1506045443.0264041
1578554,1506045503.1943977
1578926,1506045563.0263526
1579281,1506045623.0267603
1579658,1506045683.0277143
1580022,1506045743.1393523
1580393,1506045803.139773
1580750,1506045863.1399164
1581129,1506045923.1377034
1581494,1506045983.3596807
1581854,1506046043.304582
1582225,1506046103.081269
1582579,1506046163.1928744
1582959,1506046223.0263777
1583337,1506046283.2483406
1583715,1506046343.358805
1584070,1506046403.0246372
1584453,1506046463.1355472
1584838,1506046523.02445
1585201,1506046583.803527
1585573,1506046643.0241172
1585944,1506046703.1907353
1586334,1506046763.190202
1586679,1506046823.193651
1587054,1506046883.0810034
1587414,1506046943.0276139
1587816,1506047003.3570495
1588186,1506047063.0253038
1588562,1506047123.7484705
1588925,1506047183.1354702
1589302,1506047243.192859
1589657,1506047303.0239046
1590023,1506047363.745517
1590413,1506047423.246866
1590785,1506047483.1383376
1591171,1506047543.082342
1591531,1506047603.0240693
1591903,1506047663.13531
1592284,1506047723.0267313
1592661,1506047783.2475343
1593050,1506047843.0259874
1593423,1506047903.0242424
1593803,1506047963.246351
1594173,1506048023.4172292
1594533,1506048083.1376386
1594908,1506048143.306462
1595288,1506048203.0804985
1595650,1506048263.1370187
1595998,1506048323.0844567
1596372,1506048383.3051953
1596724,1506048443.3631325
1597106,1506048503.1929965
1597456,1506048563.3628814
1597829,1506048623.1377425
1598190,1506048683.0272417
1598556,1506048743.249852
1598906,1506048803.140309
1599254,1506048863.4154384
1599624,1506048923.1385849
1599972,1506048983.13837
1600315,1506049043.0288982
1600671,1506049103.028307
1601035,1506049163.082769
1601376,1506049223.1385026
1601739,1506049283.028459
1602101,1506049343.0271146
1602457,1506049403.2536414
1602843,1506049463.197768
1603199,1506049523.193559
1603552,1506049583.1397781
1603918,1506049643.0278947
1604289,1506049703.0870519
1604658,1506049763.139824
361,1506049876.251554
272,1506050179.339984
367,1506050239.2300627
416,1506050299.0094173
430,1506050359.2301993
444,1506050419.062015
448,1506050479.3412282
452,1506050539.0088532
453,1506050599.1218123
453,1506050659.6219904
456,1506050719.0098598
457,1506050779.1209047
460,1506050839.0105512
461,1506050899.232867
463,1506050959.454215
463,1506051019.175606
465,1506051079.0098348
466,1506051139.0640323
466,1506051199.0087836
468,1506051259.6764724
469,1506051319.0681934
470,1506051379.0126972
471,1506051439.1796644
473,1506051499.568806
475,1506051559.2327678
477,1506051619.2347717
477,1506051679.2325425
478,1506051739.2891517
479,1506051799.2360194
479,1506051859.065334
479,1506051919.0098448
479,1506051979.1241648
479,1506052039.0101724
480,1506052099.009177
481,1506052159.0685108
481,1506052219.0102346
483,1506052279.011944
484,1506052339.0110385
484,1506052399.0092082
484,1506052459.0091426
486,1506052519.2314847
487,1506052579.2329905
488,1506052639.0106711
488,1506052699.178262
490,1506052759.232134
