18387,1505707237.2601368
18779,1505707302.0933201
19116,1505707362.0349188
19453,1505707422.0377927
19793,1505707482.260183
20148,1505707542.9252996
20487,1505707602.0377862
20838,1505707662.0362065
21193,1505707722.038191
21529,1505707782.148014
21880,1505707842.2614605
22229,1505707902.035643
22562,1505707962.2048643
22893,1505708022.0352921
23242,1505708082.1470757
23572,1505708142.3695989
23917,1505708202.204169
24242,1505708262.0353923
24601,1505708322.317157
24939,1505708382.036108
25295,1505708442.0356627
25632,1505708502.5916426
25971,1505708562.0925589
26330,1505708622.0357559
26660,1505708682.0906646
26996,1505708742.2035666
27345,1505708802.2604303
27683,1505708862.3165298
28019,1505708922.4836674
28358,1505708982.0908456
28708,1505709042.0911465
29047,1505709102.037834
29403,1505709162.1462648
29746,1505709222.0355067
30100,1505709282.2585955
30449,1505709342.090945
30790,1505709402.0372276
31129,1505709462.0384176
31475,1505709522.259379
31830,1505709582.0393999
32156,1505709642.0919626
32480,1505709702.0373778
32812,1505709762.202509
33163,1505709822.0366013
33502,1505709882.2564945
33838,1505709942.2025363
34178,1505710002.6447322
34499,1505710062.3117895
34852,1505710122.369764
35189,1505710182.5343156
35535,1505710242.0354111
35881,1505710302.1462162
36242,1505710362.4247413
36573,1505710422.1996942
36908,1505710482.1442297
37244,1505710542.1985729
37590,1505710602.0914488
37941,1505710662.0337029
38272,1505710722.3674688
38612,1505710783.0346408
38940,1505710843.0343547
39294,1505710903.0897348
39631,1505710963.0315082
39973,1505711023.421361
40325,1505711083.0876496
40663,1505711143.0315742
40988,1505711203.3647428
41318,1505711263.033703
41670,1505711323.142535
42007,1505711383.0893188
42351,1505711443.0322404
42708,1505711503.032997
43037,1505711563.3111312
43386,1505711623.2000585
43725,1505711683.0868607
44059,1505711743.3673577
44393,1505711803.086493
44744,1505711863.0329974
45070,1505711923.089464
45419,1505711983.532859
45741,1505712043.3653445
46086,1505712103.144104
46441,1505712163.1991262
46779,1505712223.6432734
47112,1505712283.089399
47451,1505712343.8100357
47796,1505712403.5349436
48131,1505712463.0350447
48463,1505712523.1466987
48812,1505712583.0321844
49157,1505712643.1431673
49498,1505712703.0910678
49826,1505712763.088621
50186,1505712823.3113558
50509,1505712883.3677716
50849,1505712943.0326033
51191,1505713003.1470146
51519,1505713063.0348032
51858,1505713123.2013168
52209,1505713183.2560387
52537,1505713243.0915112
52869,1505713303.035147
53225,1505713363.0347674
53546,1505713423.3145418
53887,1505713483.199941
54198,1505713543.2577405
54540,1505713603.03446
54869,1505713663.0912302
55208,1505713723.1467206
55538,1505713783.1450527
55883,1505713843.1470273
56233,1505713903.0333734
56571,1505713963.2009313
56897,1505714023.3126087
57249,1505714083.2559028
57596,1505714143.58854
57922,1505714203.3108017
58252,1505714263.2001305
58596,1505714323.146702
58931,1505714383.2578647
59278,1505714443.312335
59601,1505714503.09125
59945,1505714563.5345356
60274,1505714623.091429
60616,1505714683.0367482
60956,1505714743.4798093
61302,1505714803.1996584
61650,1505714863.0892038
61981,1505714923.091288
62317,1505714983.2586663
62643,1505715043.090413
62986,1505715103.2550504
63331,1505715163.3114858
63671,1505715223.0343833
64021,1505715283.2006166
64342,1505715343.0912051
64697,1505715403.2016714
65033,1505715463.19979
65366,1505715523.032967
65711,1505715583.3147788
66071,1505715643.0376837
66394,1505715703.2019763
66731,1505715763.5914128
67065,1505715823.0377228
67408,1505715883.0333636
67761,1505715943.033975
68094,1505716003.0898266
68432,1505716063.5336611
68759,1505716123.1445632
69114,1505716183.4239206
69452,1505716243.14469
69782,1505716303.2011766
70134,1505716363.036671
70474,1505716423.0905077
70801,1505716483.7029076
71130,1505716543.035665
71482,1505716603.0330539
71832,1505716663.0898838
72160,1505716723.1446538
72511,1505716783.4241104
72841,1505716843.5357533
73179,1505716903.3126094
73527,1505716963.0890915
73859,1505717023.3700998
74199,1505717083.0356874
74556,1505717143.091457
74876,1505717203.1444423
75235,1505717263.0343242
75547,1505717323.0350912
75879,1505717383.0908482
76229,1505717443.0349019
76572,1505717503.0897808
76898,1505717563.0329087
77240,1505717623.0342124
77591,1505717683.0905316
77919,1505717743.0355327
78250,1505717803.0903378
78607,1505717863.1464214
78955,1505717923.2024388
79280,1505717983.036929
79608,1505718043.2021804
79955,1505718103.2572944
80289,1505718163.312799
80639,1505718223.5375597
80971,1505718283.0364895
81313,1505718343.428169
81653,1505718403.2032173
81995,1505718463.0955515
82327,1505718523.2033956
82670,1505718583.5361288
83017,1505718643.0376585
83337,1505718703.1499796
83671,1505718763.0400176
83980,1505718823.095843
84317,1505718883.1516144
84660,1505718943.0413444
84996,1505719003.0935361
85344,1505719063.0931554
85669,1505719123.150883
86013,1505719183.09429
86348,1505719243.1507597
86675,1505719303.4820719
87027,1505719363.0935762
87380,1505719423.2613924
87709,1505719483.150655
88050,1505719543.0383084
88389,1505719603.3200078
88732,1505719663.204989
89079,1505719723.094156
89411,1505719783.09363
89741,1505719843.0381634
90092,1505719903.0404925
90446,1505719963.0416012
90788,1505720023.150714
91136,1505720083.0926592
91495,1505720143.2603514
91831,1505720203.3158102
92152,1505720263.0369787
92486,1505720323.036849
92820,1505720383.4834638
93153,1505720443.0942528
93496,1505720503.0940123
93838,1505720563.0384676
94171,1505720623.1482809
94517,1505720683.0380363
94856,1505720743.315533
95198,1505720803.204133
95544,1505720863.202601
95892,1505720923.0362
96212,1505720983.0932362
96561,1505721043.0905955
96890,1505721103.0930672
97233,1505721163.2005916
97581,1505721223.090234
97927,1505721283.4791658
98272,1505721343.0895698
98617,1505721403.4236934
98980,1505721463.0897672
99319,1505721523.4786625
99649,1505721583.423881
100011,1505721643.0344272
100345,1505721703.3665676
100675,1505721763.0343337
101005,1505721823.1445284
101365,1505721883.1466217
101704,1505721943.1449933
102046,1505722003.1467304
102408,1505722063.148353
102747,1505722123.0893927
103089,1505722183.0334496
103433,1505722243.2562397
103768,1505722303.0349085
104103,1505722363.0349817
104462,1505722423.0340157
104791,1505722483.035142
105158,1505722543.3669364
105473,1505722603.2567677
105815,1505722663.0918055
106146,1505722723.1460745
106501,1505722783.0354326
106845,1505722843.0890841
107195,1505722903.0908594
107531,1505722963.2005644
107867,1505723023.0903058
108196,1505723083.0357418
108546,1505723143.0904882
108902,1505723203.0909326
109233,1505723263.1463737
109582,1505723323.2561212
109930,1505723383.0345366
110268,1505723443.0364301
110612,1505723503.2564628
110940,1505723563.1461833
111289,1505723623.0356615
111636,1505723683.0891993
111978,1505723743.0892587
112322,1505723803.2025745
112674,1505723863.2568257
113025,1505723923.3150752
113359,1505723983.1454713
113696,1505724043.1449275
114024,1505724103.0928895
114372,1505724163.0903616
114714,1505724223.036133
115060,1505724283.2038975
115415,1505724343.1459074
115746,1505724403.0339382
116107,1505724463.0917997
116442,1505724523.200932
116780,1505724583.0376418
117128,1505724643.2027974
117493,1505724703.6493893
117803,1505724763.146342
118153,1505724823.0910456
118485,1505724883.1475587
118812,1505724943.0362601
119156,1505725003.4234345
119492,1505725063.0900345
119841,1505725123.0925655
120179,1505725183.2033844
120534,1505725243.147905
120865,1505725303.0354037
121214,1505725363.2007856
121568,1505725423.6453154
121907,1505725483.204137
122233,1505725543.4826765
122573,1505725603.0899627
122913,1505725663.0913892
123249,1505725723.037249
123591,1505725783.148668
123941,1505725843.3137884
124271,1505725903.2018747
124629,1505725963.4265738
124965,1505726023.5904002
125298,1505726083.2030957
125645,1505726143.5352507
126014,1505726203.0923455
126334,1505726263.0918899
126692,1505726323.1465707
127030,1505726383.035083
127375,1505726443.0376375
127725,1505726503.5931427
128073,1505726563.4264374
128411,1505726623.093339
128758,1505726683.038006
129110,1505726743.0938444
129445,1505726803.1466553
129791,1505726863.258458
130154,1505726923.090995
130515,1505726983.0366793
130851,1505727043.091475
131187,1505727103.4839785
131533,1505727163.1485443
131867,1505727223.1501968
132226,1505727283.3137267
132560,1505727343.1487179
132901,1505727403.2056794
133261,1505727463.0357466
133611,1505727523.3168266
133959,1505727583.0391958
134310,1505727643.1476076
134679,1505727703.0952682
135009,1505727763.3721564
135349,1505727823.258479
135679,1505727883.5931258
136020,1505727943.0926766
136357,1505728003.260195
136695,1505728063.0946522
137047,1505728123.593421
137390,1505728183.0383816
137758,1505728243.3143764
138098,1505728303.0375698
138437,1505728363.1492755
138791,1505728423.039353
139143,1505728483.0373838
139478,1505728543.2050624
139838,1505728603.1489303
140157,1505728663.0374005
140506,1505728723.4806132
140854,1505728783.2061422
141183,1505728843.2596164
141531,1505728903.092653
141866,1505728963.5397322
142224,1505729023.0921443
142561,1505729083.4273217
142903,1505729143.3719535
143259,1505729203.0961375
143593,1505729263.3156426
143929,1505729323.1485834
144268,1505729383.0384142
144623,1505729443.0950334
144965,1505729503.481414
145318,1505729563.7069874
145660,1505729623.0374212
145981,1505729683.2595224
146333,1505729743.039359
146669,1505729803.1475277
147016,1505729863.1510072
147360,1505729923.4261622
147724,1505729983.092479
148057,1505730043.0387955
148403,1505730103.1487422
148732,1505730163.0371485
149072,1505730223.0949314
149430,1505730283.9814765
149775,1505730344.0391266
150111,1505730404.0398295
150451,1505730464.040465
150809,1505730524.4265735
151149,1505730584.8172915
151488,1505730644.0361717
151841,1505730704.5390363
152182,1505730764.0949535
152510,1505730824.4843645
152847,1505730884.2044241
153189,1505730944.0926726
153516,1505731004.0923615
153867,1505731064.037056
154205,1505731124.09214
154537,1505731184.0400426
154887,1505731244.039237
155218,1505731304.0390875
155561,1505731364.0946076
155900,1505731424.4270294
156264,1505731484.202938
156584,1505731544.2061188
156928,1505731604.1473508
157260,1505731664.258709
157603,1505731724.4267697
157938,1505731784.3140228
158288,1505731844.0385137
158629,1505731904.1500323
158981,1505731964.259431
159331,1505732024.0393353
159679,1505732084.037605
160024,1505732144.2602484
160390,1505732204.0378652
160746,1505732264.1506808
161074,1505732324.484648
161420,1505732384.3698165
161755,1505732444.0387137
162088,1505732504.151711
162439,1505732564.7617044
162773,1505732624.0377045
163104,1505732684.2059715
163447,1505732744.2033548
163793,1505732804.316357
164133,1505732864.0393012
164477,1505732924.2600904
164837,1505732984.2057385
165177,1505733044.1482613
165534,1505733104.2620296
165873,1505733164.205826
166218,1505733224.0942824
166564,1505733284.1511464
166905,1505733344.0939248
167263,1505733404.0391335
167595,1505733464.0402353
167964,1505733524.0936933
168304,1505733584.0923462
168656,1505733644.1488185
169002,1505733704.0953357
169364,1505733764.1494844
169701,1505733824.0395513
170052,1505733884.0956776
170399,1505733944.151078
170743,1505734004.3713603
171105,1505734064.5392346
171448,1505734124.0407567
171800,1505734184.1485271
172148,1505734244.0375414
172511,1505734304.4274392
172860,1505734364.6494064
173214,1505734424.4257915
173567,1505734484.1510797
173915,1505734544.096807
174255,1505734604.0399802
174603,1505734664.1489012
174950,1505734724.041286
175292,1505734784.316751
175640,1505734844.3191605
175990,1505734904.0410862
176318,1505734964.2055705
176675,1505735024.2040658
177014,1505735084.150714
177361,1505735144.0406213
177721,1505735204.038796
178083,1505735264.4287415
178415,1505735324.203909
178777,1505735384.3152192
179110,1505735444.204063
179462,1505735504.1487572
179817,1505735564.150451
180165,1505735624.0940263
180504,1505735684.3712225
180840,1505735744.0936644
349,1505735858.0128427
733,1505735918.01491
1142,1505735978.2927887
1563,1505736038.0110588
1947,1505736098.0112405
2371,1505736158.1792638
2783,1505736218.1780941
3182,1505736278.0696597
3626,1505736338.122396
4033,1505736398.0112407
4458,1505736458.1258683
4871,1505736518.0134108
5293,1505736578.1800125
5699,1505736638.0149512
6131,1505736698.0676787
6564,1505736758.1788795
6963,1505736818.3445506
7396,1505736878.2360585
7810,1505736938.3475063
8225,1505736998.2370427
8658,1505737058.0702083
9097,1505737118.067807
9536,1505737178.014281
9932,1505737238.0119946
10361,1505737298.2369592
10757,1505737358.0150213
11175,1505737418.0133972
11580,1505737478.0137894
12025,1505737538.2924998
12427,1505737598.179175
12849,1505737658.2916973
13273,1505737718.6257734
13675,1505737778.1259117
14108,1505737838.0679896
14523,1505737898.2361794
14925,1505737958.2367299
15327,1505738018.458758
15755,1505738078.2343714
16140,1505738138.0120778
16557,1505738198.288988
16960,1505738258.1787896
17349,1505738318.5132983
17754,1505738378.1240413
18156,1505738438.28951
18572,1505738498.0703576
18970,1505738558.0696607
19389,1505738618.123671
19818,1505738678.0710433
20210,1505738738.0129552
20615,1505738798.3466403
21020,1505738858.1808684
21439,1505738918.346592
21842,1505738978.0157168
22255,1505739038.0130439
22640,1505739098.0160189
23084,1505739158.1238756
23494,1505739218.0134473
23915,1505739278.0685787
24343,1505739338.1812494
24772,1505739398.069372
25181,1505739458.0715122
25584,1505739518.0686088
26012,1505739578.124237
26407,1505739638.0154562
26845,1505739698.181457
27259,1505739758.0722594
27678,1505739818.0686948
28094,1505739878.1792119
28505,1505739938.0121236
28932,1505739998.2366192
29344,1505740058.01339
29770,1505740118.0157554
30184,1505740178.0123286
30575,1505740238.1802225
30994,1505740298.070473
31394,1505740358.070373
31802,1505740418.0159907
32223,1505740478.235858
32636,1505740538.0161827
33042,1505740598.0155945
33463,1505740658.016521
33861,1505740718.1239407
34272,1505740778.0139742
34672,1505740838.016292
35084,1505740898.1802251
35487,1505740958.4591477
35878,1505741018.0719411
36307,1505741078.2363262
36698,1505741138.401674
37101,1505741198.0143406
37514,1505741258.067869
37937,1505741318.1821008
38318,1505741378.1258647
38736,1505741438.346423
39140,1505741498.2928417
39550,1505741558.0178788
39957,1505741618.1273556
40358,1505741678.0128229
40757,1505741738.0695875
41146,1505741798.0691073
41557,1505741858.1805573
41959,1505741918.0132442
42373,1505741978.0701976
42778,1505742038.1274858
43178,1505742098.1249282
43586,1505742158.0134313
43991,1505742218.2914193
44396,1505742278.1807408
44789,1505742338.126248
45205,1505742398.180106
45612,1505742458.4013193
45986,1505742518.1802945
46409,1505742578.0719142
46798,1505742638.404256
47211,1505742698.0142286
47613,1505742758.0706196
48040,1505742818.0140815
48434,1505742878.0698304
48841,1505742938.0694394
49235,1505742998.1249201
49652,1505743058.013826
50070,1505743118.4589071
50488,1505743178.179915
50880,1505743238.013817
51295,1505743298.1829402
51727,1505743358.236473
52110,1505743418.1252484
52531,1505743478.238857
52942,1505743538.0159504
53349,1505743598.0146782
53765,1505743658.5700524
54174,1505743718.0148714
54595,1505743778.2370336
54994,1505743838.0741203
55418,1505743898.1811104
55828,1505743958.0703576
56217,1505744018.1245947
56626,1505744078.123755
57028,1505744138.0130088
57448,1505744198.292329
57872,1505744258.180296
58286,1505744318.0162315
58691,1505744378.0686178
59114,1505744438.1795866
59512,1505744498.2363763
59941,1505744558.1824055
60342,1505744618.1247616
60759,1505744678.0143673
61158,1505744738.0134156
61579,1505744798.0128162
61991,1505744858.0687973
62386,1505744918.1242108
62806,1505744978.124816
63240,1505745038.0695407
63668,1505745098.1259954
64066,1505745158.013448
64479,1505745218.0712268
64886,1505745278.0130477
65292,1505745338.4575682
65713,1505745398.1248062
66129,1505745458.0696511
66534,1505745518.0702884
66959,1505745578.0154169
67361,1505745638.6830604
67779,1505745698.1801329
68211,1505745758.016273
68647,1505745818.016059
69048,1505745878.1246133
69474,1505745938.0172403
69874,1505745998.2367923
70298,1505746058.1264443
70722,1505746118.0705552
71136,1505746178.070157
71554,1505746238.0133247
71961,1505746298.235586
72399,1505746358.013441
72808,1505746418.127925
73236,1505746478.0701365
73658,1505746538.0699055
74110,1505746598.013868
74515,1505746658.0720227
74933,1505746718.0145366
75355,1505746778.1829205
75791,1505746838.4025934
76220,1505746898.0165966
76639,1505746958.0141935
77052,1505747018.2391212
77464,1505747078.2917151
77898,1505747138.0150447
78299,1505747198.0729237
78740,1505747258.0700102
79169,1505747318.069829
79570,1505747378.0691903
79988,1505747438.6266465
80402,1505747498.181572
80839,1505747558.238592
81258,1505747618.3475685
81669,1505747678.1257918
82079,1505747738.0142164
82487,1505747798.2370436
82908,1505747858.2392385
83320,1505747918.2380636
83752,1505747978.350994
84175,1505748038.235365
84612,1505748098.0159273
85021,1505748158.1248226
85452,1505748219.0691721
85861,1505748279.2384653
86295,1505748339.1273189
86710,1505748399.1249816
87103,1505748459.2374732
87512,1505748519.0691495
87916,1505748579.0145144
88356,1505748639.1260648
88749,1505748699.015228
89164,1505748759.071989
89586,1505748819.1278002
89994,1505748879.1249745
90403,1505748939.0135577
90823,1505748999.0148416
91241,1505749059.0166392
91653,1505749119.1827884
92076,1505749179.2919457
92478,1505749239.0694916
92875,1505749299.1261091
93299,1505749359.2929993
93713,1505749419.0147812
94130,1505749479.23695
94548,1505749539.0733602
94993,1505749599.182555
95398,1505749659.1265624
95820,1505749719.07053
96227,1505749779.0725436
96655,1505749839.0141497
97069,1505749899.7939312
97501,1505749959.0723574
97922,1505750019.0735552
98337,1505750079.0169618
98767,1505750139.0164104
99178,1505750199.0147898
99601,1505750259.0144575
100034,1505750319.0164385
100481,1505750379.0162385
100901,1505750439.239118
101327,1505750499.0700207
101755,1505750559.2363358
102189,1505750619.127892
102629,1505750679.0139754
103037,1505750739.017448
103458,1505750799.0724916
103874,1505750859.071298
104294,1505750919.1265428
104705,1505750979.0153284
105132,1505751039.0158434
105564,1505751099.0168972
105975,1505751159.0150926
106384,1505751219.0707438
106806,1505751279.2369096
107233,1505751339.0721724
107649,1505751399.0726397
108079,1505751459.351661
108502,1505751519.4042168
108910,1505751579.015888
109344,1505751639.1296275
109757,1505751699.0710464
110182,1505751759.1822524
110604,1505751819.0153234
111031,1505751879.0732713
111433,1505751939.18525
111848,1505751999.0733087
112253,1505752059.348261
112660,1505752119.1822941
113090,1505752179.126854
113512,1505752239.017505
113927,1505752299.3502755
114331,1505752359.0716438
114775,1505752419.57318
115159,1505752479.0144875
115597,1505752539.0157642
116035,1505752599.238983
116448,1505752659.1831217
116869,1505752719.0177631
117282,1505752779.1855948
117703,1505752839.185915
118109,1505752899.4048223
118540,1505752959.1283
118940,1505753019.0728414
119336,1505753079.018052
119758,1505753139.0150883
120177,1505753199.1824427
120604,1505753259.128801
121020,1505753319.0152283
121443,1505753379.0154147
121844,1505753439.0169804
122270,1505753499.1842406
122669,1505753559.0173965
123103,1505753619.0738952
123514,1505753679.018599
123925,1505753739.2944129
124322,1505753799.1283724
124729,1505753859.017619
125171,1505753919.0729108
125564,1505753979.239073
125985,1505754039.2391925
126409,1505754099.0195036
126826,1505754159.2966557
127229,1505754219.0159068
127646,1505754279.0154462
128065,1505754339.0156858
128482,1505754399.0173714
128908,1505754459.2965288
129318,1505754519.1829243
129737,1505754579.127178
130155,1505754639.0154967
130573,1505754699.0731943
130996,1505754759.0166059
131435,1505754819.1287298
131856,1505754879.23877
132276,1505754939.0157082
132695,1505754999.1863832
133104,1505755059.1844134
133519,1505755119.0750694
133934,1505755179.0155814
134344,1505755239.1854382
134764,1505755299.129312
135183,1505755359.0742197
135610,1505755419.4069815
136012,1505755479.0735097
136444,1505755539.1297069
136858,1505755599.0749266
137300,1505755659.0748267
137705,1505755719.1276808
138127,1505755779.015458
138542,1505755839.0188427
138951,1505755899.9064505
139380,1505755959.2385554
139791,1505756019.4614925
140209,1505756079.1282954
140615,1505756139.4610305
141061,1505756199.186118
141467,1505756259.01633
141897,1505756319.1270633
142330,1505756379.1310232
142748,1505756439.0750196
143154,1505756499.2383606
143562,1505756559.4055207
143994,1505756619.0753064
144408,1505756679.0179985
144836,1505756739.0746539
145263,1505756799.1861727
145679,1505756859.0755215
146114,1505756919.0167851
146523,1505756979.073955
146940,1505757039.0727265
147369,1505757099.9047084
147805,1505757159.2398589
148210,1505757219.4618556
148632,1505757279.1272714
149050,1505757339.2410495
149490,1505757399.0717258
149916,1505757459.0191228
150342,1505757519.071681
150757,1505757579.182538
151183,1505757639.128238
151621,1505757699.1861708
152025,1505757759.017921
152448,1505757819.0737495
152883,1505757879.1832275
153309,1505757939.0172482
153729,1505757999.2415102
154150,1505758059.0753314
154567,1505758119.0725257
154996,1505758179.0189917
155428,1505758239.0737653
155853,1505758299.2974045
156261,1505758359.0184016
156689,1505758419.07291
157121,1505758479.294899
157554,1505758539.1832519
157982,1505758599.0202122
158423,1505758659.0180783
158846,1505758719.0186803
159284,1505758779.3510687
159708,1505758839.1852605
160146,1505758899.074663
160568,1505758959.1859481
161000,1505759019.1840098
161420,1505759079.074161
161843,1505759139.018278
162284,1505759199.2408457
162704,1505759259.1274877
163137,1505759319.0200305
163564,1505759379.0728657
164027,1505759439.2961223
164466,1505759499.018515
164892,1505759559.1284847
165316,1505759619.1836793
165744,1505759679.0190542
166177,1505759739.0196915
166607,1505759799.0166879
167027,1505759859.0196295
167439,1505759919.0189185
167873,1505759979.0722446
168293,1505760039.1830184
168738,1505760099.1828134
169167,1505760159.0163264
169591,1505760219.242421
170008,1505760279.1848419
170426,1505760339.1837354
170860,1505760399.0728822
171270,1505760459.0169513
171703,1505760519.01799
172144,1505760579.1840434
172551,1505760639.0190845
172988,1505760699.0173454
173401,1505760759.2387302
173850,1505760819.0733573
174282,1505760879.1310139
174733,1505760939.0740073
175152,1505760999.1300616
175583,1505761059.075695
176000,1505761119.0721815
176433,1505761179.0186625
176858,1505761239.0175893
177283,1505761299.462391
177704,1505761359.5206492
178119,1505761419.0724356
178561,1505761479.185544
178964,1505761539.128155
179401,1505761599.0754542
179856,1505761659.1293805
180279,1505761719.405648
180701,1505761779.742827
181133,1505761839.0768118
181560,1505761899.0187397
181978,1505761959.1842966
182424,1505762019.0177884
182854,1505762079.020167
183257,1505762139.35243
183685,1505762199.075448
184099,1505762259.020571
184536,1505762319.01893
184969,1505762379.01839
185409,1505762439.1307535
185832,1505762499.0209346
186274,1505762559.2436907
186688,1505762619.0755568
187134,1505762679.1294336
187567,1505762739.074543
188013,1505762799.1310244
188431,1505762859.0768888
188857,1505762919.0208383
189298,1505762979.685187
189693,1505763039.0179563
190134,1505763099.1299214
190568,1505763159.5174165
191000,1505763219.2412732
191423,1505763279.075024
191848,1505763339.1841614
192281,1505763399.2972689
192709,1505763459.0750532
193140,1505763519.0207274
193571,1505763579.0206437
193976,1505763639.075335
194394,1505763699.0208294
194830,1505763759.017063
195260,1505763819.0744314
195700,1505763879.0188913
196132,1505763939.0181313
196560,1505763999.0195255
196989,1505764059.4062364
197405,1505764119.0175686
197844,1505764179.1286821
198290,1505764239.2417376
198715,1505764299.017955
199154,1505764359.0179405
199573,1505764419.0171967
199995,1505764479.1847441
200405,1505764539.0766249
200850,1505764599.128834
201273,1505764659.1850634
201714,1505764719.128833
202124,1505764779.01854
202559,1505764839.12834
202988,1505764899.7402096
203422,1505764959.074543
203869,1505765019.1280813
204300,1505765079.1316466
204725,1505765139.3510816
205143,1505765199.2411017
205597,1505765259.1869493
206013,1505765319.242512
206468,1505765379.0760856
206911,1505765439.24131
207341,1505765499.0729067
207762,1505765559.0208018
208190,1505765619.1320715
208636,1505765679.0732114
209062,1505765739.018546
209491,1505765799.019699
209943,1505765859.0202332
210377,1505765919.020979
210817,1505765979.186183
211231,1505766039.0179896
211675,1505766099.3535256
212100,1505766159.4648466
212538,1505766219.2443078
212954,1505766279.0214179
213392,1505766339.020034
213803,1505766399.46415
214248,1505766459.0746562
214680,1505766519.1854937
215114,1505766579.0181203
215546,1505766639.241781
215963,1505766699.1871367
216403,1505766759.0759466
216809,1505766819.0761094
217246,1505766879.1291904
217674,1505766939.1298234
218096,1505766999.0205925
218529,1505767059.1326332
218959,1505767119.0735197
219398,1505767179.018143
219820,1505767239.0181699
220257,1505767299.0749815
220696,1505767359.018604
221125,1505767419.074457
221554,1505767479.0768545
221967,1505767539.0743942
222412,1505767599.4076908
222849,1505767659.2418222
223299,1505767719.1288385
223722,1505767779.0208628
224153,1505767839.1845133
224576,1505767899.239809
225001,1505767959.0208218
225366,1505768019.2421646
225786,1505768079.1867719
226190,1505768139.0184727
226609,1505768199.0196083
227022,1505768259.0185068
227424,1505768319.0191336
227836,1505768379.0181003
228248,1505768439.0204175
228659,1505768499.073944
229042,1505768559.0180693
229449,1505768619.0181108
229860,1505768679.0205333
230283,1505768739.021074
230706,1505768799.017685
231132,1505768859.0737748
231547,1505768919.07336
231950,1505768979.1860187
232373,1505769039.0184097
232796,1505769099.0179062
233242,1505769159.0188212
233662,1505769219.021779
234081,1505769279.1322289
234490,1505769339.129432
234925,1505769399.5191598
235370,1505769459.1861517
235808,1505769519.1325955
236233,1505769579.1312335
236685,1505769639.0776823
237112,1505769699.0207858
237561,1505769759.1871939
237990,1505769819.0755858
238399,1505769879.4086103
238823,1505769939.0199978
239245,1505769999.0192986
239626,1505770059.0203288
240038,1505770119.0210378
240432,1505770179.1321785
240844,1505770239.0790153
241260,1505770299.0752852
241685,1505770359.0757468
242084,1505770419.131194
242498,1505770479.2984006
242922,1505770539.244409
243323,1505770599.0220866
243756,1505770659.0212164
244193,1505770719.0198393
244590,1505770779.41001
244995,1505770839.4109173
245400,1505770899.1890295
245817,1505770959.0208712
246223,1505771019.078747
246660,1505771079.0233493
247089,1505771139.0207756
247513,1505771199.1309488
247954,1505771259.02082
248384,1505771319.0227418
248808,1505771379.1339643
249240,1505771439.1901977
249654,1505771499.0206773
250019,1505771559.0204282
250430,1505771619.0765522
250806,1505771679.0205255
251237,1505771739.1889274
251644,1505771799.0238318
252073,1505771859.0772374
252447,1505771919.0236468
252834,1505771979.0763116
253240,1505772039.4129374
253632,1505772099.3543565
254030,1505772159.1349993
254441,1505772219.2430704
254820,1505772279.1901662
255155,1505772339.1340616
255501,1505772399.0221837
255855,1505772459.0243318
256201,1505772519.0211046
256596,1505772579.08006
256988,1505772639.2985609
257378,1505772699.0767884
257722,1505772759.0221856
258083,1505772819.021773
258451,1505772879.0231693
258804,1505772939.2990556
259159,1505772999.0780818
259512,1505773059.021161
259847,1505773119.3581064
260163,1505773179.0224717
260518,1505773239.1895058
260881,1505773299.0770984
261242,1505773359.076929
261612,1505773419.1879883
261923,1505773479.0761352
262255,1505773539.0207658
262577,1505773599.2986813
262970,1505773659.1316342
263366,1505773719.0235922
263772,1505773779.0765052
264096,1505773839.0775397
264423,1505773899.023395
264747,1505773959.35284
265090,1505774019.2418919
265433,1505774079.1896303
265759,1505774139.188882
266086,1505774199.189741
266424,1505774259.409791
266787,1505774320.1887233
267143,1505774380.1876848
267489,1505774440.5775259
267834,1505774500.1301003
268171,1505774560.2970052
268505,1505774620.076145
268865,1505774680.1333706
269240,1505774740.0767238
269598,1505774800.0785506
269958,1505774860.1880472
270308,1505774920.0772877
270623,1505774981.02263
270967,1505775041.0199752
271310,1505775101.245341
271651,1505775161.0754516
272042,1505775221.02018
272521,1505775281.0757682
272985,1505775341.0233166
273419,1505775401.2429814
273849,1505775461.0763338
274299,1505775521.1315212
274764,1505775581.020579
275194,1505775641.0201664
275607,1505775701.0218928
276039,1505775761.1890876
276489,1505775821.0228748
276908,1505775881.297381
277338,1505775941.0767686
277749,1505776001.0201516
278172,1505776061.0766106
278585,1505776121.1334417
278996,1505776181.0801327
279429,1505776241.3538318
279839,1505776301.0773509
280275,1505776361.0792596
280715,1505776421.3006122
281120,1505776481.0228975
281544,1505776541.0205631
281964,1505776601.4643416
282381,1505776661.2997792
282780,1505776721.0794091
283215,1505776781.0788746
283614,1505776841.01997
284030,1505776901.022828
284420,1505776961.0239534
284868,1505777021.0222657
285302,1505777081.1345692
285752,1505777141.0223064
286171,1505777201.0211887
286586,1505777261.133735
286989,1505777321.022727
287382,1505777381.132199
287760,1505777441.0242882
288130,1505777501.0215838
288514,1505777561.1334548
288865,1505777621.3559742
289243,1505777681.021329
289633,1505777741.1890042
290016,1505777801.4651718
290411,1505777861.3002758
290791,1505777921.1345084
291173,1505777981.134182
291565,1505778041.076646
291946,1505778101.0209322
292329,1505778161.0242689
292697,1505778221.0783923
293058,1505778281.0220356
293405,1505778341.0767348
293784,1505778401.2987711
294136,1505778461.2445855
294505,1505778521.0226896
294895,1505778581.0775118
295285,1505778641.0777316
295674,1505778701.1880016
296046,1505778761.1328735
296459,1505778821.079923
296834,1505778881.4101758
297223,1505778941.1900175
297583,1505779001.2445562
297963,1505779061.913852
298336,1505779121.3008044
298724,1505779181.302173
299086,1505779242.1332734
299451,1505779302.0239885
299858,1505779362.244849
300234,1505779422.077284
300615,1505779482.0244753
300993,1505779542.0786195
301394,1505779602.2992108
301791,1505779662.298878
302188,1505779722.1354997
302572,1505779782.1344862
302963,1505779842.0778158
303370,1505779902.52239
303756,1505779962.467201
304165,1505780022.0779185
304581,1505780082.0228846
304990,1505780142.080556
305410,1505780202.02427
305800,1505780262.133198
306235,1505780322.1357691
306671,1505780382.0800407
307116,1505780442.022807
307517,1505780502.0262606
307961,1505780562.1900277
308377,1505780622.1360667
308832,1505780682.079688
309253,1505780742.1900108
309696,1505780802.0797632
310154,1505780862.190344
310589,1505780922.0798068
311035,1505780982.3030212
311484,1505781042.0244536
311947,1505781102.0782294
312381,1505781162.1345859
312814,1505781222.1341422
313236,1505781282.0238998
313678,1505781342.1347704
314107,1505781402.3001115
314551,1505781462.077748
315004,1505781522.023474
315456,1505781582.02438
315920,1505781642.0249305
316368,1505781702.0785143
316823,1505781762.0777
317273,1505781822.0241969
317705,1505781882.0781102
318152,1505781942.0248308
318559,1505782002.0807378
318998,1505782062.0217793
319425,1505782122.0241184
319887,1505782182.245451
320315,1505782242.1904693
320780,1505782302.024401
321250,1505782362.0796525
321706,1505782422.0793848
322150,1505782482.1885176
322599,1505782542.0780156
323081,1505782602.1351645
323516,1505782662.133809
323972,1505782722.0794396
324429,1505782782.1339107
324891,1505782842.355826
325320,1505782902.0217676
325785,1505782962.0254917
326234,1505783022.1344905
326684,1505783082.191433
327147,1505783142.0796309
327590,1505783202.025554
328062,1505783262.411204
328502,1505783322.0244625
328984,1505783382.1915686
329451,1505783442.1370447
329921,1505783502.3024025
330401,1505783562.0783048
330847,1505783622.3024402
331325,1505783682.1337612
331775,1505783742.0223808
332229,1505783802.4666061
332688,1505783862.3566911
333170,1505783922.3005352
333625,1505783982.078916
334074,1505784042.0235095
334528,1505784102.2445567
334979,1505784162.192651
335452,1505784222.1333492
335930,1505784282.135486
336389,1505784342.357131
336843,1505784402.081125
337319,1505784462.1364207
337770,1505784522.1343014
338225,1505784582.023996
338685,1505784642.0220027
339153,1505784702.021872
339622,1505784762.0787318
340064,1505784822.0776334
340547,1505784882.0226612
341002,1505784942.1329882
341474,1505785002.1369264
341952,1505785062.078114
342406,1505785122.1371572
342873,1505785182.191954
343333,1505785242.0818424
343795,1505785302.1891398
344257,1505785362.0263157
344725,1505785422.1360729
345159,1505785482.1367903
345623,1505785542.0257347
346078,1505785602.189908
346534,1505785662.0796397
347013,1505785722.0234623
347501,1505785782.1369572
347954,1505785842.0247664
348419,1505785902.0258093
348913,1505785962.0260305
349352,1505786022.1897447
349811,1505786082.078945
350289,1505786142.1918254
350763,1505786202.1340616
351231,1505786262.1354303
351690,1505786322.1367826
352177,1505786382.3028483
352627,1505786442.1366875
353119,1505786502.023166
353603,1505786562.0230622
354059,1505786622.30086
354526,1505786682.07775
355002,1505786742.0813625
355474,1505786802.0782588
355933,1505786862.021978
356418,1505786922.079314
356858,1505786982.0254478
357345,1505787042.0818734
357800,1505787102.0233939
358279,1505787162.0819058
358769,1505787222.022762
359263,1505787282.0814123
359759,1505787342.0815876
360211,1505787402.026289
360692,1505787462.1362443
361144,1505787522.1363194
361603,1505787582.0261366
362073,1505787642.0236318
362550,1505787702.0782287
363009,1505787762.2479873
363484,1505787822.0241995
363961,1505787882.1919618
364414,1505787942.1342762
364890,1505788002.1348698
365371,1505788062.079537
365850,1505788122.0806003
366318,1505788182.0782053
366790,1505788242.1915746
367253,1505788302.022981
367708,1505788362.0238545
368175,1505788422.0806677
368646,1505788482.1929283
369099,1505788542.1924589
369554,1505788602.0258353
370049,1505788662.1342337
370517,1505788722.304144
371001,1505788782.1348653
371494,1505788842.0228608
371942,1505788902.1380649
372411,1505788962.2481937
372873,1505789022.4119914
373344,1505789082.0813153
373806,1505789142.0814521
374307,1505789202.0267336
374771,1505789262.0263994
375233,1505789322.0227935
375710,1505789382.134645
376177,1505789442.134501
376645,1505789502.0810509
377136,1505789562.1344423
377604,1505789622.1355987
378072,1505789682.1899726
378567,1505789742.2492065
379018,1505789802.2461443
379471,1505789862.080634
379934,1505789922.0264008
380369,1505789982.302361
380811,1505790042.024699
381254,1505790102.0807137
381709,1505790162.3577974
382150,1505790222.1936772
382624,1505790282.136617
383087,1505790342.1921027
383522,1505790402.4158766
383969,1505790462.1909075
384409,1505790522.0803375
384851,1505790582.1359677
385293,1505790642.0257008
385754,1505790702.305129
386214,1505790762.0822535
386680,1505790822.1364474
387131,1505790882.0818026
387610,1505790942.0793707
388110,1505791002.526476
388576,1505791062.024069
389042,1505791122.0810335
389492,1505791182.0237646
389973,1505791242.1930716
390419,1505791302.0795658
390865,1505791362.0803258
391327,1505791422.2484357
391787,1505791482.4709613
392239,1505791542.079088
392694,1505791602.0815861
393134,1505791662.0265212
393593,1505791722.027485
394074,1505791782.3045547
394531,1505791842.135315
394997,1505791902.024888
395439,1505791962.023898
395875,1505792022.0243394
396318,1505792082.2466013
396782,1505792142.0799537
397251,1505792202.0251918
397707,1505792262.4690046
398162,1505792322.0794988
398595,1505792382.0237353
399061,1505792442.2499688
399513,1505792502.0800064
399983,1505792562.0248861
400472,1505792622.0251048
400907,1505792682.0790715
401374,1505792742.0233212
401807,1505792802.02355
402261,1505792862.0274045
402721,1505792922.0797234
403215,1505792982.0268283
403676,1505793042.5249326
404137,1505793102.0800467
404593,1505793162.083066
405040,1505793222.3572612
405545,1505793282.025555
406020,1505793342.191034
406496,1505793402.5246475
406938,1505793462.2455778
407434,1505793522.026204
407868,1505793582.1382918
