408318,1505793642.0793452
408818,1505793706.0828228
409273,1505793766.0796604
409732,1505793826.305275
410172,1505793886.025436
410648,1505793946.3047898
411094,1505794006.1370876
411565,1505794066.134893
412057,1505794126.0247421
412488,1505794186.3035564
412961,1505794246.0262444
413397,1505794306.358609
413841,1505794366.1919024
414293,1505794426.4160416
414769,1505794486.135674
415196,1505794546.2466853
415657,1505794606.138397
416075,1505794666.0794926
416530,1505794726.1354964
417034,1505794786.3589642
417540,1505794846.3597045
418022,1505794906.2476723
418494,1505794966.2486722
419000,1505795026.1360927
419466,1505795086.1907437
419943,1505795146.0797408
420426,1505795206.0803378
420901,1505795266.1357727
421380,1505795326.0808976
421857,1505795386.0802314
422252,1505795446.1390333
344,1505795523.0862541
747,1505795583.032433
1149,1505795643.308636
1518,1505795703.0881202
1921,1505795763.1964839
2282,1505795824.084919
2656,1505795884.030267
3009,1505795944.2555108
3379,1505796004.0315502
3736,1505796064.1438947
4123,1505796124.0307856
4513,1505796184.0860279
4884,1505796244.1981719
5276,1505796304.0299275
5671,1505796364.0311415
6054,1505796424.143751
6409,1505796484.1424773
6774,1505796544.0302255
7125,1505796604.086486
7484,1505796665.0311534
7846,1505796725.5853667
8193,1505796785.032896
8526,1505796845.0305727
8874,1505796905.0305567
9240,1505796965.0322819
9601,1505797025.1411235
9957,1505797085.1411653
10328,1505797145.3101332
10670,1505797205.0300763
11037,1505797265.1970866
11396,1505797325.1995087
11747,1505797385.1440058
12103,1505797445.0889494
12490,1505797505.033406
12816,1505797565.0874197
13178,1505797626.0860596
13537,1505797686.03146
13900,1505797746.0317721
14285,1505797806.307438
14668,1505797866.2555208
15058,1505797926.0881422
15416,1505797986.1446073
15807,1505798046.3099692
16172,1505798106.3082
16521,1505798166.1444385
16875,1505798226.0870762
17232,1505798286.0339541
17592,1505798346.1976612
17956,1505798406.0880027
18328,1505798466.0342205
18709,1505798526.197769
19101,1505798586.0891757
19483,1505798646.0316544
19835,1505798706.0877373
20201,1505798766.1439
20577,1505798826.0880704
20939,1505798886.0351498
21298,1505798946.144763
21689,1505799006.034648
22051,1505799066.2533176
22451,1505799126.0320907
22829,1505799186.3128417
23224,1505799246.0891602
23635,1505799306.0903788
24049,1505799366.0314748
24452,1505799426.253728
24850,1505799486.1449184
25256,1505799546.033412
25642,1505799606.032266
26015,1505799666.2563236
26407,1505799726.0353913
26813,1505799786.0352423
27175,1505799846.1442614
27587,1505799906.0343466
28000,1505799966.3684611
28367,1505800026.033589
28802,1505800086.0891504
29198,1505800146.031904
29592,1505800206.0345562
29973,1505800266.0324638
30362,1505800326.0886264
30743,1505800386.0322797
31129,1505800446.0364761
31520,1505800506.0904446
31888,1505800566.1424766
32282,1505800626.031846
32649,1505800686.257191
33043,1505800746.255556
33435,1505800806.6993556
33838,1505800866.421327
34229,1505800926.1987453
34615,1505800986.089901
35004,1505801046.1989357
35388,1505801106.0315588
35762,1505801166.0325162
36140,1505801226.090297
36524,1505801286.1447897
36878,1505801346.145407
37261,1505801406.032637
37631,1505801466.0333548
38003,1505801526.090318
38388,1505801586.0335488
38777,1505801646.0338423
39159,1505801706.0350463
39520,1505801766.6441262
39916,1505801826.3129716
40285,1505801886.0325155
40646,1505801946.1985247
41021,1505802006.0335996
41402,1505802066.0320647
41758,1505802126.0339444
42120,1505802186.2563546
42503,1505802246.031743
42873,1505802306.1439745
43282,1505802366.254028
43679,1505802426.035777
44062,1505802486.087175
44457,1505802546.1465087
44849,1505802606.1990707
45228,1505802666.088505
45605,1505802726.033025
46009,1505802786.256319
46376,1505802846.0343544
46785,1505802906.1986723
47184,1505802966.0892253
47559,1505803026.2547193
47960,1505803086.0897937
48359,1505803146.1426725
48745,1505803206.0899231
49123,1505803266.4241781
49532,1505803326.313414
49897,1505803386.2570329
50268,1505803446.03417
50646,1505803506.2016902
51027,1505803566.1472526
51403,1505803626.0327306
51802,1505803686.0322907
52191,1505803746.25523
52549,1505803806.0336337
52946,1505803866.1999378
53334,1505803926.3666778
53702,1505803986.1997907
54083,1505804046.3686438
54460,1505804106.0327225
54833,1505804166.2013137
55199,1505804226.6450193
55572,1505804286.0318398
55919,1505804346.1434145
56302,1505804406.0326393
56684,1505804466.0323753
57052,1505804526.0884895
57448,1505804586.4224813
57857,1505804646.033095
58249,1505804706.2562172
58621,1505804766.0339792
59028,1505804826.0878303
59399,1505804886.0903
59774,1505804946.032941
60146,1505805006.198579
60547,1505805066.3107991
60906,1505805126.0326478
61299,1505805186.2546122
61693,1505805246.3118393
62073,1505805306.0896194
62475,1505805366.031949
62888,1505805426.088786
63269,1505805486.034019
63652,1505805546.2020125
64056,1505805606.0904467
64427,1505805666.1984658
64801,1505805726.2004595
65196,1505805786.5324442
65584,1505805846.0873837
65969,1505805906.3124378
66351,1505805966.1454728
66750,1505806026.2026203
67128,1505806086.0351112
67534,1505806146.032888
67945,1505806206.0909016
68314,1505806266.2010782
68722,1505806326.3683023
69094,1505806386.0359356
69475,1505806446.20054
69833,1505806506.6433134
70224,1505806566.0881345
70563,1505806626.1994858
70952,1505806686.0878553
71343,1505806746.3107882
71719,1505806806.0352428
72114,1505806866.088067
72513,1505806926.0934122
72888,1505806986.3108718
73268,1505807046.2011454
73658,1505807106.0326672
74036,1505807166.0335257
74398,1505807226.0332775
74772,1505807286.368203
75154,1505807346.1435828
75531,1505807406.7021964
75915,1505807466.1455002
76302,1505807526.6437385
76681,1505807586.422878
77077,1505807646.0915482
77477,1505807706.1442995
77864,1505807766.0921147
78251,1505807826.0336165
78634,1505807886.0344255
79004,1505807946.0911238
79375,1505808006.144014
79770,1505808066.0362978
80132,1505808126.09096
80530,1505808186.0901046
80916,1505808246.0345864
81309,1505808306.1457393
81714,1505808366.0362246
82109,1505808426.0366802
82496,1505808486.0886078
82884,1505808546.2556431
83277,1505808606.2021587
83657,1505808666.4797342
84017,1505808726.3105845
84382,1505808786.0360208
84758,1505808846.5355048
85111,1505808906.034689
85488,1505808966.144423
85876,1505809026.14716
86231,1505809086.3120046
86635,1505809146.035498
87022,1505809206.0351334
87417,1505809266.422162
87794,1505809326.0365922
88177,1505809386.0330782
88562,1505809446.2034698
88917,1505809506.4246738
89285,1505809566.1439679
89638,1505809626.0343919
90005,1505809686.2575173
90354,1505809746.0913308
90734,1505809806.699789
91101,1505809866.2033856
91483,1505809926.0363374
91871,1505809986.0901585
92225,1505810046.7023535
92587,1505810106.0361855
92933,1505810166.2585294
93273,1505810226.0893638
93618,1505810286.5336716
93997,1505810346.2580047
94332,1505810406.1478071
94693,1505810466.648367
95046,1505810526.0357628
95398,1505810586.037046
95779,1505810646.6473513
96130,1505810706.1463056
96487,1505810766.257375
96839,1505810826.3707607
97208,1505810886.0343308
97563,1505810946.0923672
97908,1505811006.2036228
98266,1505811066.200782
98623,1505811126.146249
98958,1505811186.090439
99317,1505811246.146235
99678,1505811306.144751
100028,1505811366.4780045
100397,1505811426.0334857
100759,1505811486.03589
101116,1505811546.0894108
101469,1505811606.0908022
101829,1505811666.1456473
102181,1505811726.091381
102534,1505811786.1478536
102904,1505811846.0364723
103234,1505811906.089997
103606,1505811966.203037
103962,1505812026.31424
104307,1505812086.0353103
104677,1505812146.256122
105051,1505812206.3149695
105409,1505812266.369389
105762,1505812326.146954
106149,1505812386.0914378
106501,1505812446.036756
106849,1505812506.1473095
107213,1505812566.0914457
107582,1505812626.3693283
107934,1505812686.0925696
108289,1505812746.2035556
108664,1505812806.0901575
109022,1505812866.3119893
109443,1505812926.2602463
109840,1505812986.038745
110225,1505813046.535365
110600,1505813106.0356777
110993,1505813166.035967
111388,1505813226.0364494
111768,1505813286.3154674
112176,1505813346.3689215
112561,1505813406.3701718
112974,1505813466.0920987
113364,1505813526.6477323
113738,1505813586.0938888
114155,1505813646.2023418
114574,1505813706.0360568
115004,1505813766.1486397
115395,1505813826.2039332
115786,1505813886.2031698
116156,1505813946.092852
116539,1505814006.0375912
116910,1505814066.0363338
117312,1505814126.2043138
117667,1505814186.0917199
118049,1505814246.0376081
118426,1505814306.0358908
118785,1505814366.0362885
119171,1505814426.038346
119552,1505814486.0937693
119907,1505814546.145743
120264,1505814606.423911
120641,1505814666.147556
121008,1505814726.0934274
121364,1505814786.0350559
121733,1505814846.2602289
122094,1505814906.2597907
122446,1505814966.0931664
122811,1505815026.035132
123193,1505815086.1489158
123552,1505815146.1463923
123928,1505815206.091339
124305,1505815266.0360742
124646,1505815326.4242303
125031,1505815386.3129916
125384,1505815446.0913303
125754,1505815506.2024813
126098,1505815566.3154967
126476,1505815626.037207
126804,1505815686.0366426
127175,1505815746.0368397
127534,1505815806.0370598
127900,1505815866.149035
128270,1505815926.204017
128648,1505815986.0936074
128999,1505816046.0365188
129342,1505816106.0912468
129706,1505816166.0375977
130066,1505816226.14892
130421,1505816286.0913355
130786,1505816346.2052872
131139,1505816406.0366945
131493,1505816466.369584
131865,1505816526.0910869
132235,1505816586.2583377
132593,1505816646.5354877
132973,1505816706.2025409
133344,1505816766.4838638
133698,1505816826.480681
134062,1505816886.1472597
134428,1505816946.2029364
134792,1505817006.0946789
135140,1505817066.0935113
135514,1505817126.0379653
135863,1505817186.0366669
136238,1505817246.0928543
136593,1505817306.092589
136951,1505817366.1492121
137336,1505817426.5369463
137711,1505817486.0945668
138073,1505817546.2048683
138440,1505817606.1485853
138807,1505817666.0917637
139166,1505817726.2038617
139512,1505817786.09405
139863,1505817846.0912828
140229,1505817906.1469405
140572,1505817966.2034097
140932,1505818026.2029517
141297,1505818086.091662
141649,1505818146.091764
142049,1505818206.09527
142414,1505818266.2610269
142770,1505818326.0922837
143117,1505818386.4278529
143496,1505818446.0944333
143852,1505818506.039508
144204,1505818566.037937
144565,1505818626.2581542
144917,1505818686.317404
145274,1505818746.0918403
145626,1505818806.092806
146005,1505818866.4253318
146373,1505818926.0379612
146754,1505818986.0375514
147123,1505819046.1509256
147478,1505819106.372454
147865,1505819166.259443
148227,1505819226.14811
148586,1505819286.259797
148941,1505819346.2065585
149327,1505819406.0386305
149684,1505819466.0368123
150055,1505819526.3732152
150421,1505819586.0397816
150792,1505819646.2597976
151183,1505819706.2592285
151549,1505819766.3169205
151927,1505819826.2058635
152282,1505819886.1485999
152678,1505819946.706324
153036,1505820006.4281871
153386,1505820066.0370069
153761,1505820126.0920331
154138,1505820186.1514547
154491,1505820246.092643
154860,1505820306.0390058
155238,1505820366.1480281
155606,1505820426.2594783
155982,1505820486.4280632
156364,1505820546.036468
156728,1505820606.0919278
157109,1505820666.039647
157471,1505820726.202416
157833,1505820786.150375
158196,1505820846.149838
158599,1505820906.5381725
158966,1505820966.038355
159360,1505821026.0355103
159747,1505821086.4839175
160128,1505821146.3154104
160538,1505821206.2033157
160934,1505821266.0947769
161307,1505821326.092169
161699,1505821386.1494966
162106,1505821446.0382752
162489,1505821506.036171
162865,1505821566.0948427
163250,1505821626.0379093
163642,1505821686.038147
164014,1505821746.0356178
164389,1505821806.0909457
164774,1505821866.0915875
165145,1505821926.0924265
165552,1505821986.094858
165948,1505822046.2027805
166335,1505822106.2593002
166720,1505822166.0385377
167123,1505822226.5354679
167494,1505822286.2021701
167876,1505822346.4257884
168263,1505822406.036356
168636,1505822466.0357518
169026,1505822526.2048354
169400,1505822586.9806342
169775,1505822646.039206
170174,1505822706.203467
170577,1505822766.3693666
170973,1505822826.094435
171351,1505822886.3171432
171753,1505822946.091865
172135,1505823006.1507294
172496,1505823066.0359225
172858,1505823126.0397568
173249,1505823186.0397549
173610,1505823246.0923026
174000,1505823306.3150296
174377,1505823366.3148215
174759,1505823426.0398376
175173,1505823486.093411
175576,1505823546.7045686
175955,1505823606.0362926
176325,1505823666.1510546
176734,1505823726.093174
177111,1505823786.2039948
177490,1505823846.203715
177858,1505823906.036403
178243,1505823966.1499898
178626,1505824026.0384007
179002,1505824086.704948
179393,1505824146.0947015
179782,1505824206.2034812
180186,1505824266.0392146
180598,1505824326.5368462
180965,1505824386.0367756
181370,1505824446.091933
181751,1505824506.0369003
182132,1505824566.9844732
182515,1505824626.0402064
182924,1505824686.2057667
183299,1505824746.3703969
183681,1505824806.0373502
184064,1505824866.093906
184454,1505824926.040028
184858,1505824986.0920699
185263,1505825046.4263988
185650,1505825106.3717914
186022,1505825166.0393882
186423,1505825226.0956173
186787,1505825286.0370882
187169,1505825346.0934062
187543,1505825406.317921
187928,1505825466.259421
188301,1505825526.3714318
188684,1505825586.094168
189072,1505825646.4817975
189464,1505825706.0380921
189868,1505825766.0929615
190283,1505825826.2068365
190666,1505825886.0388556
191067,1505825946.3730273
191452,1505826006.0932884
191836,1505826066.040556
192216,1505826126.2606237
192603,1505826186.037
192967,1505826246.1503131
193351,1505826306.0372815
193732,1505826366.039731
194126,1505826426.1500258
194529,1505826486.0395398
194931,1505826546.0957694
195300,1505826606.0396287
195678,1505826666.318033
196082,1505826726.0952377
196455,1505826786.2066593
196829,1505826846.0397282
197224,1505826906.0945327
197625,1505826966.0389519
198001,1505827026.2631576
198401,1505827086.0387325
198789,1505827146.0412035
199178,1505827206.2065496
199603,1505827266.20448
200012,1505827326.317718
200414,1505827386.4260705
200795,1505827446.1495245
201197,1505827506.0379899
201602,1505827566.039417
202002,1505827626.093592
202383,1505827686.0393887
202765,1505827746.1502693
203136,1505827806.2044508
203496,1505827866.0395498
203880,1505827926.0954993
204267,1505827986.3188133
204656,1505828046.1515594
205062,1505828106.0930982
205449,1505828166.0415528
205874,1505828226.205787
206266,1505828286.0409787
206665,1505828346.204152
207069,1505828406.2058377
207501,1505828466.0963914
207889,1505828526.0957806
208295,1505828586.0387225
208708,1505828646.0384178
209120,1505828706.2630076
209527,1505828766.0405016
209931,1505828826.0384152
210311,1505828886.0380998
210715,1505828946.0391026
211147,1505829006.427282
211545,1505829066.2057097
211961,1505829126.038928
212378,1505829186.4266407
212782,1505829246.3719027
213187,1505829306.0404658
213577,1505829366.3719268
214010,1505829426.4860513
214415,1505829486.0390878
214847,1505829546.9853601
215260,1505829606.371293
215653,1505829666.0387597
216082,1505829726.2635114
216498,1505829786.0958624
216914,1505829846.2636545
217326,1505829906.0938456
217767,1505829966.0940475
218169,1505830026.2046244
218583,1505830086.093388
218989,1505830146.2628524
219408,1505830206.3193758
219848,1505830266.2605293
220277,1505830326.1499345
220682,1505830386.1522403
221081,1505830446.0417187
221528,1505830506.041092
221922,1505830566.4301684
222337,1505830626.261484
222761,1505830686.0946953
223192,1505830746.0383856
223615,1505830806.0385268
224021,1505830866.0415194
224450,1505830926.2608616
224856,1505830986.0402977
225289,1505831046.0961857
225710,1505831106.038716
226095,1505831166.0973372
226519,1505831226.039711
226934,1505831286.1492698
227350,1505831346.0970047
227765,1505831406.096491
228190,1505831466.3755326
228590,1505831526.038651
229004,1505831586.428897
229386,1505831646.2644582
229816,1505831706.0413961
230243,1505831766.2621272
230671,1505831826.0943031
231097,1505831886.040242
231512,1505831946.0944853
231948,1505832006.0382621
232342,1505832066.2079875
232743,1505832126.3189738
233144,1505832186.3721454
233583,1505832246.0979776
233974,1505832306.5980973
234387,1505832366.208348
234798,1505832426.4277608
235199,1505832486.2089696
235611,1505832546.206815
236026,1505832606.2617154
236442,1505832666.0944223
236856,1505832726.260877
237273,1505832786.039413
237688,1505832846.042263
238105,1505832906.0392227
238516,1505832966.0391538
238929,1505833026.042025
239325,1505833086.038774
239723,1505833146.3722992
240153,1505833206.2076285
240571,1505833266.0409572
240997,1505833326.8181586
241416,1505833386.1492522
241809,1505833446.151574
242247,1505833506.151264
242644,1505833566.0387192
243051,1505833626.6497657
243450,1505833686.1498017
243885,1505833746.0962844
244282,1505833806.094949
244699,1505833866.0384324
245110,1505833926.484794
245536,1505833986.3745115
245962,1505834046.374232
246386,1505834106.0397089
246794,1505834166.3738425
247207,1505834226.149319
247641,1505834286.0397885
248026,1505834346.1518998
248433,1505834406.5385218
248835,1505834466.2044156
249251,1505834526.039224
249663,1505834586.038576
250057,1505834646.042036
250479,1505834706.1499193
250873,1505834766.0389044
251303,1505834826.1523623
251731,1505834886.374071
252137,1505834946.6513112
252551,1505835006.0958745
252948,1505835066.150722
253355,1505835126.0947294
253747,1505835186.2063394
254170,1505835246.259975
254569,1505835306.0414443
254989,1505835366.0950425
255375,1505835426.2627456
255799,1505835486.0386696
256226,1505835546.2054498
256652,1505835606.206379
257068,1505835666.0972795
257481,1505835726.152541
257908,1505835786.0417478
258331,1505835846.2076957
258750,1505835906.0393114
259188,1505835966.205524
259645,1505836026.0414133
260060,1505836086.037844
260492,1505836146.1490517
260945,1505836206.1511815
261374,1505836266.0954762
261843,1505836326.037745
262292,1505836386.0387385
262739,1505836446.264123
263168,1505836506.038908
263603,1505836566.1525788
264029,1505836626.2605858
264448,1505836686.0931447
264886,1505836746.038112
265315,1505836806.3156128
265740,1505836866.0387166
266139,1505836926.0938702
266577,1505836986.2628953
267022,1505837046.317319
267456,1505837106.0417562
267906,1505837166.0382235
268327,1505837226.2061138
268783,1505837286.039924
269201,1505837346.2622085
269623,1505837406.3187726
270022,1505837466.317447
270494,1505837526.040751
270912,1505837586.5393639
271338,1505837646.0386276
271775,1505837706.0968559
272215,1505837766.0951884
272659,1505837826.0400631
273095,1505837886.0386138
273529,1505837946.094555
273958,1505838006.319432
274401,1505838066.0386279
274827,1505838126.0972018
275264,1505838186.2633486
275694,1505838246.0979087
276141,1505838306.2634528
276566,1505838366.038508
276985,1505838426.0943832
277444,1505838486.2624674
277883,1505838546.2064443
278335,1505838606.5405002
278791,1505838666.0420258
279224,1505838726.0975113
279663,1505838786.1526043
280086,1505838846.0415735
280509,1505838906.04026
280918,1505838966.1515832
281365,1505839026.3167229
281773,1505839086.1541173
282201,1505839146.205653
282627,1505839206.0399532
283073,1505839266.0399063
283531,1505839326.0954149
283977,1505839386.1535952
284412,1505839446.2618783
284841,1505839506.1505852
285286,1505839566.042287
285714,1505839626.153567
286145,1505839686.152058
286576,1505839746.0405958
287015,1505839806.2095873
287447,1505839866.0981393
287863,1505839926.0403621
288301,1505839986.3748853
288719,1505840046.04271
289187,1505840106.2064638
289637,1505840166.0418363
290059,1505840226.0419042
290489,1505840286.3754494
290913,1505840346.095356
291350,1505840406.2621057
291765,1505840466.262055
292202,1505840526.0423565
292612,1505840586.0950515
293033,1505840646.0419984
293426,1505840706.321042
293870,1505840766.3195057
294303,1505840826.0396607
294728,1505840886.2646291
295157,1505840946.0417314
295574,1505841006.0433412
296008,1505841066.0407097
296417,1505841126.0985856
296830,1505841186.0403464
297239,1505841246.0423582
297703,1505841306.31852
298113,1505841366.0431023
298539,1505841426.373897
298969,1505841486.1507027
299401,1505841546.9310122
299836,1505841606.0404356
300279,1505841666.039904
300705,1505841726.0974326
301119,1505841786.0979285
301558,1505841846.0436556
301990,1505841906.096679
302412,1505841966.3184183
302842,1505842026.0414886
303258,1505842086.0398016
303671,1505842146.0980775
304069,1505842206.209431
304520,1505842266.0428276
304951,1505842326.043417
305393,1505842386.1513693
305830,1505842446.5979228
306234,1505842506.0431252
306679,1505842566.2633107
307089,1505842626.2093508
307521,1505842686.262162
307926,1505842746.3754683
308376,1505842806.0417466
308776,1505842866.2101824
309208,1505842926.2649562
309611,1505842986.0982242
310056,1505843046.0955071
310493,1505843106.1508794
310943,1505843166.0404506
311349,1505843226.153187
311779,1505843286.8774295
312231,1505843346.3192797
312637,1505843406.040689
313060,1505843466.0990217
313482,1505843526.1519306
313909,1505843586.041529
314325,1505843646.0426896
314741,1505843706.0425754
315176,1505843766.2087095
315601,1505843826.0413759
316044,1505843886.1525857
316485,1505843946.0990171
316900,1505844006.209788
317328,1505844066.0402913
317744,1505844126.096128
318174,1505844186.1516685
318564,1505844246.0438597
319011,1505844306.0977447
319410,1505844366.0405
319850,1505844426.2098663
320255,1505844486.040441
320688,1505844546.0956688
321133,1505844606.0974805
321574,1505844666.26227
322011,1505844726.2094579
322440,1505844786.2077258
322883,1505844846.1542485
323291,1505844906.0397499
323705,1505844966.1528282
324131,1505845026.2097797
324559,1505845086.0407557
324988,1505845146.0405462
325401,1505845206.0441284
325834,1505845266.0442286
326249,1505845326.0989757
326704,1505845386.2083998
327137,1505845446.1537468
327562,1505845506.319331
327985,1505845566.0442824
328414,1505845626.0431519
328833,1505845686.0995698
329255,1505845746.0421402
329689,1505845806.2096033
330098,1505845866.0445247
330541,1505845926.0417264
330941,1505845986.2632194
331380,1505846046.0968091
331807,1505846106.154065
332246,1505846166.0438187
332695,1505846226.6003535
333116,1505846286.3742578
333570,1505846346.263999
333996,1505846406.0424414
334425,1505846466.0414126
334844,1505846526.2116988
335309,1505846586.3782382
335727,1505846646.3197107
336141,1505846706.1006818
336555,1505846766.0979376
336995,1505846826.0413876
337436,1505846886.1523707
337872,1505846946.2114973
338305,1505847006.0433447
338717,1505847066.0985134
339166,1505847126.0426033
339578,1505847186.045323
340005,1505847246.1003273
340434,1505847306.2650135
340856,1505847366.099679
341280,1505847426.4865427
341685,1505847486.041343
342124,1505847546.0413506
342555,1505847606.0996978
343001,1505847666.0969899
343447,1505847726.1551588
343860,1505847786.2081
344297,1505847846.042666
344720,1505847906.375825
345147,1505847966.2080784
345571,1505848026.100349
346020,1505848086.0430548
346429,1505848146.0437255
346853,1505848206.0975046
347274,1505848266.0449538
347716,1505848326.043512
348174,1505848386.154858
348607,1505848446.2121162
349029,1505848506.210368
349462,1505848566.1007166
349900,1505848626.1550317
350307,1505848686.0412858
350716,1505848746.0442705
351158,1505848806.099264
351585,1505848866.3769393
352018,1505848926.2092988
352433,1505848986.2108514
352864,1505849046.3782253
353283,1505849106.0453598
353730,1505849166.100297
354169,1505849226.0988607
354585,1505849286.0419853
355017,1505849346.0985742
355447,1505849406.1562376
355874,1505849466.0427847
356300,1505849526.0996323
356731,1505849586.0446332
357149,1505849646.0431225
357576,1505849706.157324
357986,1505849766.0435972
358423,1505849826.209938
358861,1505849886.043801
359299,1505849946.0452049
359751,1505850006.0437684
360166,1505850066.1563756
360610,1505850126.1568596
361029,1505850186.0984354
361442,1505850246.3238006
361875,1505850306.3771627
362323,1505850366.1013367
362737,1505850426.3775077
363160,1505850486.0990705
363585,1505850546.0457513
364015,1505850606.656799
364460,1505850666.101314
364909,1505850726.1009037
365325,1505850786.2113974
365750,1505850846.10242
366190,1505850906.5451787
366628,1505850966.0994568
367057,1505851026.1017306
367497,1505851086.1566598
367920,1505851146.101331
368344,1505851206.321518
368746,1505851266.046401
369203,1505851326.3778071
369629,1505851386.0424774
370066,1505851446.0439343
370524,1505851506.4325328
370945,1505851566.209597
371389,1505851626.100952
371805,1505851686.0433083
372231,1505851746.1004298
372658,1505851806.0436518
373120,1505851866.3207796
373538,1505851926.044863
373967,1505851986.598302
374383,1505852046.3200734
374820,1505852106.0993824
375260,1505852166.1567757
375713,1505852226.377007
376143,1505852286.1553347
376574,1505852346.4865544
377033,1505852406.320084
377452,1505852466.6560793
377865,1505852526.4339778
378304,1505852586.0430646
378735,1505852646.1008809
379158,1505852706.098856
379578,1505852766.2097924
380008,1505852826.0986488
380451,1505852886.0977116
380910,1505852946.320779
381367,1505853006.0426953
381800,1505853066.1017199
382248,1505853126.6561115
382688,1505853186.0432532
383138,1505853246.0980973
383555,1505853306.3787575
384003,1505853366.0992007
384425,1505853426.0457716
384871,1505853486.265032
385287,1505853546.156706
385732,1505853606.0445323
386182,1505853666.1012793
386625,1505853726.2106168
387048,1505853786.1024408
387478,1505853846.0445654
387924,1505853906.1019297
388349,1505853966.0453033
388771,1505854026.0451488
389186,1505854086.1002629
389639,1505854146.0992956
390071,1505854206.2118976
390487,1505854266.0459223
390923,1505854326.266
391347,1505854386.1575022
391812,1505854446.1007195
392238,1505854506.0457873
392656,1505854566.213381
393076,1505854626.0441566
393495,1505854686.2116299
393922,1505854746.1019542
394324,1505854806.043626
394748,1505854866.1009939
395153,1505854926.043977
395569,1505854986.0436797
395949,1505855046.0991836
396385,1505855106.046701
396820,1505855166.2135122
397250,1505855226.158137
397686,1505855286.2120168
398094,1505855346.0453765
398525,1505855406.3803422
398929,1505855466.6018357
399337,1505855526.2139378
399752,1505855586.1550128
400200,1505855646.155796
400613,1505855706.0436773
401020,1505855766.3801832
401426,1505855826.1022122
401851,1505855886.0451407
402284,1505855946.0439653
402703,1505856006.046312
403118,1505856066.3804724
403537,1505856126.1007128
403975,1505856186.047077
404390,1505856246.1579797
404801,1505856306.4884298
405207,1505856366.0476515
405625,1505856426.1565762
406034,1505856486.156957
406420,1505856546.0442631
406853,1505856606.0459292
407275,1505856666.0458636
407702,1505856726.213193
408130,1505856786.4335291
408549,1505856846.3233669
408973,1505856906.1031682
409391,1505856966.0456662
409812,1505857026.2678175
410199,1505857086.0453882
410632,1505857146.214794
411035,1505857206.046742
411445,1505857266.0456834
411847,1505857326.3229663
412265,1505857386.1571436
412701,1505857446.2671292
413121,1505857506.1584532
413524,1505857566.1591916
413945,1505857626.0998955
414374,1505857686.0999465
414773,1505857746.1012547
415172,1505857806.1563349
415590,1505857866.2152677
416009,1505857926.3234303
416436,1505857986.1006732
416840,1505858046.0468218
417257,1505858106.212714
417674,1505858166.1035345
418113,1505858226.047222
418546,1505858286.158624
418959,1505858346.1598387
419371,1505858406.0458152
419799,1505858466.0455732
420225,1505858526.1015062
420629,1505858586.0451787
421057,1505858646.1030173
421458,1505858706.0478597
421868,1505858766.102019
422263,1505858826.102096
422698,1505858886.0472374
423120,1505858946.2147467
423547,1505859006.0458686
423996,1505859066.0467358
424398,1505859126.1007464
424827,1505859186.3806813
425229,1505859246.602294
425623,1505859306.1038392
426041,1505859366.1596699
426480,1505859426.0454817
426874,1505859486.1591995
427285,1505859546.0483298
427704,1505859606.0474162
428124,1505859666.2139072
428561,1505859726.045386
428993,1505859786.1572506
429430,1505859846.0486135
429846,1505859906.0454164
430272,1505859966.2682261
430690,1505860026.0461152
431082,1505860086.1018229
431528,1505860146.103792
431938,1505860206.3248804
432349,1505860266.1023047
432748,1505860326.103154
433191,1505860386.1007845
433619,1505860446.1019948
434051,1505860506.1013248
434502,1505860566.2132416
434914,1505860626.1031504
435340,1505860686.103226
435750,1505860746.1030393
436181,1505860806.2709522
436593,1505860866.3239226
437045,1505860926.2118857
437455,1505860986.3254125
437881,1505861046.0471842
438307,1505861106.1597762
438740,1505861166.2143295
439163,1505861226.045095
439600,1505861286.2123556
440022,1505861346.1030772
440435,1505861406.2147725
440863,1505861466.3247845
441274,1505861526.3261824
441683,1505861586.1619465
442101,1505861646.0475628
442530,1505861706.0507522
442938,1505861766.1587143
443357,1505861826.0476143
443782,1505861886.0493014
444204,1505861946.1612213
444640,1505862006.3277845
445063,1505862066.161981
445481,1505862126.2151678
445888,1505862186.3300252
446294,1505862246.2192307
446733,1505862306.3288133
447129,1505862366.1625745
447564,1505862426.107161
447959,1505862486.0499847
448383,1505862546.0511293
448791,1505862606.1085784
449211,1505862666.108335
449657,1505862726.2160356
450078,1505862786.0525587
450495,1505862846.3290086
450927,1505862906.1617806
451356,1505862966.2729344
451754,1505863026.0523105
452176,1505863086.0520012
452605,1505863146.2168455
453038,1505863206.2752166
453441,1505863266.165372
453842,1505863326.108594
454260,1505863386.108646
454664,1505863446.052809
455106,1505863506.0505898
455533,1505863566.053931
455940,1505863626.106789
456354,1505863686.1103475
456750,1505863746.1060882
457162,1505863806.0508642
457573,1505863866.1065037
458012,1505863926.1646435
458410,1505863986.1070137
458835,1505864046.16494
459225,1505864106.053475
459662,1505864166.054835
460087,1505864226.2191663
460507,1505864286.1088395
460946,1505864346.2203507
461361,1505864406.3855388
461796,1505864466.3847182
462195,1505864526.109009
462602,1505864586.0523596
463005,1505864646.4439387
463444,1505864706.2749748
463856,1505864766.1639578
464265,1505864826.0004854
464689,1505864886.0542495
465139,1505864946.3307033
465577,1505865006.1079621
466002,1505865066.0533617
466420,1505865126.0530624
466825,1505865186.1108499
467257,1505865246.1653426
467671,1505865306.111953
468085,1505865366.165074
468518,1505865426.0533412
468938,1505865486.274353
469344,1505865546.1631808
469736,1505865606.1060839
470175,1505865666.0511105
470580,1505865726.0006623
470973,1505865786.0502899
471366,1505865846.052199
471725,1505865907.0501208
472111,1505865967.1051228
472491,1505866027.3291364
472886,1505866087.1047678
473266,1505866147.3253515
473676,1505866207.1593997
474051,1505866267.546942
474454,1505866327.2709398
474829,1505866387.1586199
475237,1505866447.1030338
475644,1505866507.0501952
476038,1505866567.159795
476415,1505866627.1019602
476813,1505866687.0489004
477229,1505866747.213598
477608,1505866807.0474677
478002,1505866867.2716289
478400,1505866927.0459766
478783,1505866987.2164638
479170,1505867047.1598477
479552,1505867107.0494018
479966,1505867167.0491748
480365,1505867227.2122903
480767,1505867287.49316
481181,1505867347.2688468
481558,1505867407.0475578
481968,1505867467.3790393
482364,1505867527.0477817
482767,1505867587.2706401
483140,1505867647.1040905
483553,1505867707.1034017
483925,1505867767.2127295
484331,1505867827.157627
484711,1505867887.2132275
485129,1505867947.0455542
485533,1505868007.1043181
485940,1505868067.047112
486333,1505868127.1029196
486726,1505868187.1597917
487129,1505868247.3790803
487516,1505868307.046658
487914,1505868367.2155747
488303,1505868427.1018505
488705,1505868487.048512
489084,1505868547.3811476
489477,1505868607.049425
489903,1505868667.1587868
490306,1505868727.3250177
490741,1505868787.215583
491125,1505868847.102518
491507,1505868907.0476027
491924,1505868967.0459478
492306,1505869027.3263457
492663,1505869087.104885
493031,1505869147.0454316
493403,1505869207.3791592
493773,1505869267.1602175
494141,1505869327.159116
494498,1505869387.2717495
494877,1505869447.1586773
495251,1505869507.6045456
495640,1505869567.2130704
496004,1505869627.270499
496395,1505869687.3256264
496762,1505869747.1594563
497127,1505869807.0472453
497511,1505869867.2145011
497884,1505869927.104964
498265,1505869987.2715867
498634,1505870047.0480194
499033,1505870107.4362905
499383,1505870167.1044173
499765,1505870227.5493894
500132,1505870287.158066
500493,1505870347.2139182
500859,1505870407.0490844
501225,1505870467.0470865
501601,1505870527.2156003
501965,1505870587.216326
502340,1505870647.0467925
502730,1505870707.0485058
503081,1505870767.051917
503464,1505870827.1582649
503837,1505870887.0466247
504219,1505870947.050428
504563,1505871007.1029336
504939,1505871067.0496635
505288,1505871127.1026316
505675,1505871187.047001
506036,1505871247.04921
506387,1505871307.494689
506768,1505871367.2154863
507137,1505871427.3256505
507506,1505871487.1062195
507875,1505871547.3272114
508262,1505871607.2151494
508633,1505871667.0503669
509007,1505871727.103567
509371,1505871787.159013
509731,1505871847.2140832
510096,1505871907.1024802
510469,1505871967.1592321
510832,1505872027.1026165
511179,1505872087.1023996
511612,1505872147.0473344
512028,1505872207.4936252
512424,1505872267.1053772
512829,1505872327.3266718
513232,1505872387.270545
513667,1505872447.048097
514079,1505872507.604551
514507,1505872567.159071
514918,1505872627.213866
515328,1505872687.1024866
515690,1505872747.1050599
516073,1505872807.2162976
516445,1505872867.5479753
516836,1505872927.1589632
517230,1505872987.1586149
517597,1505873047.1024818
518001,1505873107.102406
518374,1505873167.2715719
518758,1505873227.0493543
519139,1505873287.1593637
519535,1505873347.2722433
519907,1505873407.381694
520291,1505873467.2139375
520685,1505873527.0472465
521049,1505873587.2160203
521457,1505873647.0489645
521839,1505873707.0463386
522216,1505873767.1054053
522601,1505873827.268935
522992,1505873887.1583915
523388,1505873947.1586857
523764,1505874007.2169523
524153,1505874067.102903
524534,1505874127.050509
524914,1505874187.1046278
525290,1505874247.0469894
525680,1505874307.217146
526050,1505874367.158042
526445,1505874427.0469446
526857,1505874487.0492997
527219,1505874547.051224
527621,1505874607.4387994
527997,1505874667.04961
528377,1505874727.605637
528760,1505874787.1048276
529159,1505874847.0495067
529530,1505874907.1032517
529906,1505874967.7147253
530283,1505875027.658416
530649,1505875087.047858
531026,1505875147.048696
531405,1505875207.0491333
531773,1505875267.4926598
532136,1505875327.048837
532547,1505875387.1590235
532918,1505875447.3286679
533302,1505875507.2137685
533688,1505875567.1047804
534078,1505875627.0485106
534461,1505875687.2720208
534848,1505875747.214506
535223,1505875807.2176793
535608,1505875867.160076
535999,1505875927.1627376
536398,1505875987.2709339
536779,1505876047.1609561
537157,1505876107.0498204
537535,1505876167.0500388
537926,1505876227.1075528
538285,1505876287.104534
538695,1505876347.050999
539071,1505876407.2156386
539471,1505876467.0495753
539833,1505876527.1068642
540208,1505876587.0510077
540590,1505876647.049936
540981,1505876707.3829217
541367,1505876767.0509768
541744,1505876827.1051674
542139,1505876887.160997
542517,1505876947.1601284
542888,1505877007.328195
543278,1505877067.0530715
543656,1505877127.160169
544028,1505877187.1072695
544419,1505877247.2719297
544796,1505877307.107009
545170,1505877367.0531557
545563,1505877427.3833706
545945,1505877487.0513947
546337,1505877547.4936056
546714,1505877607.161926
547091,1505877667.0520656
547464,1505877727.049399
547836,1505877787.5524092
548208,1505877847.2185
548557,1505877907.0529006
548946,1505877967.161719
549288,1505878027.1599689
549656,1505878087.0483081
550050,1505878147.2729754
550416,1505878207.1052067
550794,1505878267.051143
551160,1505878327.1608703
551541,1505878387.3280392
551926,1505878447.1608303
552322,1505878507.270707
552695,1505878567.0511808
553096,1505878627.2716153
553464,1505878687.1054718
553850,1505878747.2171526
554236,1505878807.3286123
554590,1505878867.2146254
554973,1505878927.161857
555354,1505878987.4391038
555732,1505879047.4923718
556093,1505879107.0513308
556500,1505879167.051389
556873,1505879227.048625
557266,1505879287.1611772
557648,1505879347.0509832
558029,1505879407.0521262
558408,1505879467.1042953
558778,1505879527.493943
559163,1505879587.10616
559549,1505879647.0517795
559942,1505879707.3287902
560341,1505879767.049535
560701,1505879827.0508587
561094,1505879887.0490556
561467,1505879947.159036
