2869548,1506657607.1855967
2870233,1506657667.0655444
2871107,1506657727.0623097
2871886,1506657787.1412833
2872805,1506657847.0631275
2873602,1506657907.396482
2874532,1506657967.5640342
2875279,1506658027.1174514
2876113,1506658087.950162
2877248,1506658147.1183603
2877925,1506658207.2323115
2878598,1506658267.2289953
2879266,1506658327.1202967
2880051,1506658387.284592
2880661,1506658447.1195767
2881273,1506658507.1157956
2882053,1506658567.2858136
2882686,1506658627.2273095
2883571,1506658687.1736841
2885063,1506658747.059978
2885848,1506658807.3925982
2887139,1506658867.2818599
2889096,1506658927.061599
2889910,1506658987.170842
2892220,1506659047.2835789
2893119,1506659107.5592327
2893774,1506659167.1167152
2894567,1506659227.2263587
2895213,1506659287.1136944
2895989,1506659347.3350663
2896587,1506659407.059763
2897132,1506659467.2246025
2898063,1506659527.11594
2899193,1506659587.059292
2900249,1506659647.116779
2900881,1506659707.2240765
2901489,1506659767.3332744
2902048,1506659827.1675382
2902696,1506659887.0590785
2903285,1506659947.0591958
2903867,1506660007.3986087
2904586,1506660067.5662496
2905171,1506660127.0147595
2905750,1506660187.0168884
2906587,1506660247.2964768
2907222,1506660307.2431943
2908680,1506660367.0782285
2909389,1506660427.356215
2910034,1506660487.1408427
2910664,1506660547.4148095
2911458,1506660607.1951044
2912895,1506660667.0341532
2913794,1506660727.361132
2914564,1506660787.1396785
2915149,1506660847.8642936
2915692,1506660907.5311313
2916170,1506660967.4778168
2916975,1506661027.1452703
2917639,1506661087.2071178
2918170,1506661147.0920744
2918768,1506661207.0346515
2919409,1506661267.0904768
2924408,1506661327.0940382
2925077,1506661387.4292169
2925709,1506661447.0931346
2926494,1506661507.3167067
2927142,1506661567.0418775
2927942,1506661627.1482065
2928414,1506661687.043306
2929207,1506661747.0418186
2929805,1506661807.0954297
2930528,1506661867.0971851
2931169,1506661927.2095094
2931691,1506661987.1510482
2932147,1506662047.1535664
2932787,1506662107.042382
2933327,1506662167.0450907
2934161,1506662227.2649643
2934657,1506662287.0434232
2935384,1506662347.101214
2935825,1506662407.043254
2936409,1506662467.1039488
2937156,1506662527.0468695
2938541,1506662587.0491912
2939060,1506662647.2123451
2939596,1506662707.051183
2940269,1506662767.1577895
2940828,1506662827.044541
2941547,1506662887.162608
2942229,1506662947.104354
2942716,1506663007.1586452
2943312,1506663067.379992
2943869,1506663127.326313
2944388,1506663187.0466356
2944962,1506663247.0497704
2945625,1506663307.0503392
2946185,1506663367.3248515
2946690,1506663427.3801768
2947147,1506663487.1612296
2947895,1506663547.4959772
2948405,1506663607.106417
2949010,1506663667.1078236
2950031,1506663727.0493655
2950933,1506663787.1599662
2951465,1506663847.1632395
2951998,1506663907.3296194
2952468,1506663967.108257
2952924,1506664027.0499344
2953480,1506664087.049238
2954155,1506664147.0472565
2954728,1506664207.2115004
2955835,1506664267.1587183
2956425,1506664327.155755
2957059,1506664387.0436347
2957760,1506664447.0950966
2958352,1506664507.041722
2958989,1506664567.0957694
2959445,1506664627.0382888
2959894,1506664687.1478922
2960347,1506664747.0392485
2960876,1506664807.0950933
2961354,1506664867.0387137
2961907,1506664927.0911906
2962424,1506664987.7578003
2962858,1506665047.0939007
2963325,1506665107.035235
2963832,1506665167.0345478
2964312,1506665227.3162642
2964836,1506665287.0328743
2965346,1506665347.0332568
2965826,1506665407.147812
2966250,1506665467.032171
2966751,1506665527.0335484
2967210,1506665587.201948
2967656,1506665647.0899906
2968143,1506665707.2567952
2968560,1506665767.4785905
2968933,1506665827.0898354
2969455,1506665887.0322838
2969886,1506665947.0317743
2970492,1506666007.0338578
2970920,1506666067.1428578
2971367,1506666127.0361657
2971829,1506666187.2547586
2972190,1506666247.1990128
2972740,1506666307.0321069
2973184,1506666367.1439211
2973745,1506666427.3684173
2974273,1506666487.2021296
2974728,1506666547.1982052
2975193,1506666607.1442387
2975567,1506666667.0371056
2975950,1506666727.2552602
2976562,1506666787.1974792
2977063,1506666847.0885777
2977524,1506666907.0343654
2977879,1506666967.087135
2978402,1506667027.0861402
2978890,1506667087.0311654
2979520,1506667147.7530367
2979950,1506667207.0331244
2980449,1506667267.0900052
2980835,1506667327.4750817
2981492,1506667387.0854378
2981942,1506667447.2036674
2982446,1506667507.1445096
2983047,1506667567.0913186
2983438,1506667627.0338447
2983760,1506667687.2011983
2984170,1506667747.0901697
2984603,1506667807.033005
2984921,1506667867.0877893
2985292,1506667927.0882201
2985658,1506667987.0335076
2986031,1506668047.0302572
2986350,1506668107.0312717
2986839,1506668167.3657787
2987187,1506668227.087181
2987660,1506668287.3667793
2988041,1506668347.032835
2988417,1506668407.086529
2988807,1506668467.309891
2989208,1506668527.034252
2989632,1506668587.3125477
2990082,1506668647.1432753
2990413,1506668707.0887082
2990826,1506668767.1434479
2991180,1506668827.0326838
2991604,1506668887.1451826
2992043,1506668947.203575
2992333,1506669007.2015831
2992658,1506669067.033234
2993025,1506669127.2584603
2993378,1506669187.1504657
2993667,1506669247.1990457
2994093,1506669307.1458542
2994423,1506669367.090179
2994932,1506669427.0379107
2995485,1506669487.087279
2995847,1506669547.1465914
2996157,1506669607.253911
2996596,1506669667.0912585
2996956,1506669727.0313287
2997377,1506669787.2561212
2997756,1506669847.3096433
2998177,1506669907.0881684
2998532,1506669967.034808
2998843,1506670027.202128
2999175,1506670087.0338643
2999626,1506670147.2572188
2999956,1506670207.0886939
3000320,1506670267.1465287
3000660,1506670327.0327935
3001008,1506670387.4249644
3001655,1506670447.148585
3002020,1506670507.2002404
3002429,1506670567.0909662
3002942,1506670627.6989079
3003286,1506670687.0336974
3003590,1506670747.0933204
3004001,1506670807.088238
3004340,1506670867.0324507
3004703,1506670927.0899668
3005060,1506670987.035591
3005432,1506671047.0895386
3005744,1506671107.2576823
3006150,1506671167.092255
3006460,1506671227.259532
3006804,1506671287.0338778
3007584,1506671347.0335608
3007900,1506671407.4286315
3008266,1506671467.1498568
6209067,1506671527.4790142
3008853,1506671587.3139033
3009176,1506671647.1998837
3009521,1506671707.0904016
3009904,1506671767.0910654
3010188,1506671827.0910146
3010516,1506671887.2587547
3010990,1506671947.3711693
3011381,1506672007.0359654
3011656,1506672067.0399313
3011936,1506672127.1481686
3012225,1506672187.2048779
3012637,1506672247.0959177
3012894,1506672307.091089
3013256,1506672367.3139398
3013609,1506672427.0390673
3013904,1506672487.1439812
3014197,1506672547.0350773
3014550,1506672607.2563927
3014933,1506672667.259951
3015241,1506672727.2021534
3015588,1506672787.0375202
3015943,1506672847.0927324
3016319,1506672907.0898619
3016702,1506672967.366626
3016980,1506673027.1494186
3017370,1506673087.0365298
3017756,1506673147.1485622
3018092,1506673207.1455643
3018376,1506673267.2583125
3018682,1506673327.2592967
3019012,1506673387.0892918
3019426,1506673447.3677146
3019714,1506673507.036483
3020059,1506673567.2564178
3020447,1506673627.0358996
3020771,1506673687.0351448
3021067,1506673747.3127766
3021345,1506673807.1470582
3021702,1506673867.037228
3022047,1506673927.0896297
3022365,1506673987.4807756
3022658,1506674047.0899441
3022956,1506674107.3687904
3023305,1506674167.2030008
3023570,1506674227.0935228
3023856,1506674287.1483307
3024218,1506674347.147724
3024534,1506674407.0951524
3024874,1506674467.0361738
3025187,1506674527.25641
3025698,1506674587.2546895
3026035,1506674647.0884836
3026361,1506674707.0326295
3026652,1506674767.4220548
3026959,1506674827.2565608
3027239,1506674887.032619
3027622,1506674947.3142128
3027884,1506675007.0919452
3028163,1506675067.422362
3028428,1506675127.3129728
3028745,1506675187.3686247
3028987,1506675247.089037
3029315,1506675307.0338066
3029621,1506675367.3110948
3030096,1506675427.088779
3030425,1506675487.0909631
3030757,1506675547.0342522
3031136,1506675607.031586
3031398,1506675667.5919151
3031730,1506675727.3682504
3032033,1506675787.0357535
3032355,1506675847.0885928
3032652,1506675907.4215336
3032937,1506675967.8101718
3033202,1506676027.0323107
3033528,1506676087.089242
3033811,1506676147.8098693
3034145,1506676207.421482
3034471,1506676267.2561545
3034740,1506676327.0321884
3034990,1506676387.2584975
3035332,1506676447.0331001
3036431,1506676507.0306132
3036725,1506676567.0324547
3037015,1506676627.2541487
3037461,1506676687.0318677
3037735,1506676747.034331
3038038,1506676807.032645
3038349,1506676867.36484
3038653,1506676927.20203
3039163,1506676987.1996295
3039429,1506677047.0356534
3039706,1506677107.0334938
3040031,1506677167.0322027
3040335,1506677227.0313163
3040609,1506677287.2011158
3041238,1506677347.0322697
3041894,1506677407.037768
3042174,1506677467.0375433
3042956,1506677527.1468909
3043247,1506677587.031808
3043577,1506677647.090791
3043873,1506677707.034027
3044590,1506677767.1442454
3044873,1506677827.5338852
3045148,1506677887.2568092
3045509,1506677947.0879529
3045760,1506678007.2002926
3045992,1506678067.2574859
3046316,1506678127.0335164
3046612,1506678187.0902047
3046872,1506678247.3677032
3047145,1506678307.1450994
3047428,1506678367.2567635
3047679,1506678427.0899315
3048008,1506678487.09686
3048228,1506678547.3180246
3048520,1506678607.0390234
3048780,1506678667.0417325
3049080,1506678727.2090685
3050086,1506678787.043651
3050356,1506678847.0436296
3050883,1506678907.04477
3051259,1506678967.0446844
3051616,1506679027.102198
3051890,1506679087.4385993
3052183,1506679147.0461953
3052466,1506679207.0457406
3052757,1506679267.104451
3053023,1506679327.214859
3053326,1506679387.049743
3053767,1506679447.10346
3054086,1506679507.0497086
3054343,1506679567.2142737
3054627,1506679627.2155972
3055006,1506679687.326327
3055284,1506679747.1622233
3055532,1506679807.8337169
3055762,1506679867.1187546
3055981,1506679927.1615646
3056318,1506679987.2243338
3056561,1506680047.0517259
3056859,1506680107.0527973
3057108,1506680167.1628518
3057481,1506680227.1629617
3057716,1506680287.0538185
3058014,1506680347.3318532
3058420,1506680407.4941893
3058733,1506680467.2174659
3059008,1506680527.1034164
3059427,1506680587.1048517
3059740,1506680647.0965703
3059997,1506680707.3218603
3060359,1506680767.0942144
3060706,1506680827.0386403
3060995,1506680887.1492844
3061276,1506680947.0932682
3061547,1506681007.0346646
3061853,1506681067.0901544
3062148,1506681127.646072
3062406,1506681187.0351086
3062669,1506681247.0383232
3063016,1506681307.2575243
3063315,1506681367.086797
3063587,1506681427.03348
3064006,1506681487.0874631
3064273,1506681547.0879295
3065375,1506681607.086083
3065690,1506681667.4205518
3066012,1506681727.0859668
3066304,1506681787.1424222
3066580,1506681847.251656
3066840,1506681907.1416416
3067138,1506681967.1399176
3067520,1506682027.1402333
3067788,1506682087.3067288
3068134,1506682147.0256066
3068462,1506682207.1382916
3068777,1506682267.1380413
3069140,1506682327.089998
3069452,1506682387.0251956
3069762,1506682447.2511353
3070168,1506682507.0256295
3070460,1506682567.1911883
3070778,1506682627.137612
3071070,1506682687.1896718
3071372,1506682747.1357138
3071700,1506682807.0247397
3072004,1506682867.0243816
3072316,1506682927.188962
3072600,1506682987.138232
3072862,1506683047.3554757
3073173,1506683107.0769165
3073482,1506683167.2468355
3073816,1506683227.075826
3074108,1506683287.1892207
3074413,1506683347.1328485
3074717,1506683407.0198374
3075032,1506683467.2455764
3075327,1506683527.0775285
3075684,1506683587.022734
3076045,1506683647.1884515
3076320,1506683707.0201168
3076713,1506683767.0198433
3077238,1506683827.130558
3077510,1506683887.0208056
3077832,1506683947.4075983
3078292,1506684007.0183616
3078651,1506684067.1841466
3079032,1506684127.0749574
3079384,1506684187.128724
3080257,1506684247.1280892
3080559,1506684307.1868448
3081085,1506684367.2956343
3081413,1506684427.0168805
3081777,1506684487.0195544
3082130,1506684547.0195696
3082444,1506684607.0837393
3082792,1506684667.3024025
3083096,1506684727.198638
3083491,1506684787.0281513
3083920,1506684847.0318356
3084264,1506684907.250691
3084602,1506684967.0344856
3084924,1506685027.3091784
3085296,1506685087.3092504
3085581,1506685147.2019596
3085935,1506685207.4845243
3086639,1506685267.0330691
3087015,1506685327.039582
3087348,1506685387.0909824
3087570,1506685447.2569711
3087949,1506685507.0911512
3088241,1506685567.0967817
3088776,1506685627.038269
3089204,1506685687.0938804
3089524,1506685747.147935
3089811,1506685807.0952923
3090123,1506685867.7631845
3091253,1506685927.0969212
3091545,1506685987.097046
3091921,1506686047.2600915
3101039,1506686107.038906
3101397,1506686167.038178
3101830,1506686227.0962415
3102192,1506686287.0424583
3102491,1506686347.3183365
3102863,1506686407.094792
3103523,1506686467.3235817
3103835,1506686527.096275
3104144,1506686587.3216245
3104495,1506686647.210256
3104852,1506686707.209267
3105188,1506686767.3190079
3105436,1506686827.1524398
3105770,1506686887.094585
3106081,1506686947.2606685
3106375,1506687007.818621
3106703,1506687067.098886
3106966,1506687127.0368989
3107433,1506687187.037975
3107728,1506687247.0951352
3108204,1506687307.0417178
3108566,1506687367.4288943
3109021,1506687427.0958798
3109477,1506687487.2062542
3109985,1506687547.094293
3110550,1506687607.037455
3110946,1506687667.261937
3111243,1506687727.4851856
3111560,1506687787.1529381
3112880,1506687847.3194845
3113256,1506687907.0390282
3114425,1506687967.4861572
3115360,1506688027.3740678
3117796,1506688087.2106566
3118573,1506688147.0402331
3118924,1506688207.0401144
3119234,1506688267.264408
3119594,1506688327.3165631
3120440,1506688387.2057369
3120792,1506688447.0396414
3121185,1506688507.0397882
3125808,1506688567.2643054
3126142,1506688627.1494749
3127011,1506688687.2081752
3127376,1506688747.095834
3127756,1506688807.2062607
3128429,1506688867.371941
3128767,1506688927.038528
3129091,1506688987.1511881
3129461,1506689047.2038472
3129767,1506689107.0390027
3130878,1506689167.038857
3131239,1506689227.0393438
3131605,1506689287.0953197
3132056,1506689347.1481266
3132946,1506689407.0955558
3133317,1506689467.1472845
3133657,1506689527.203517
3133950,1506689587.3185663
3134309,1506689647.649293
3134790,1506689707.1482291
3135059,1506689767.0391738
3135464,1506689827.0369325
3135817,1506689887.095067
3136142,1506689947.10035
3136494,1506690007.038304
3136806,1506690067.206595
3137285,1506690127.0446482
3137689,1506690187.094577
3138043,1506690247.04196
3138430,1506690307.0936067
3138831,1506690367.1496623
3139664,1506690427.2071886
3140045,1506690487.148361
3140395,1506690547.0394633
3140764,1506690607.2063587
3141156,1506690667.0379825
3141548,1506690727.0957015
3142035,1506690787.1509151
3142655,1506690847.1001425
3143027,1506690907.0396132
3143466,1506690967.0947163
3143807,1506691027.4305065
3144291,1506691087.0434096
3144631,1506691147.0407784
3144998,1506691207.206737
3145340,1506691267.2625794
3145709,1506691327.3218489
3146169,1506691387.0981414
3146665,1506691447.0978496
3147020,1506691507.042221
3147519,1506691567.4865148
3147955,1506691627.2672641
3148379,1506691687.2676425
3148799,1506691747.2080202
3149281,1506691807.2089367
3149673,1506691867.04062
3149998,1506691927.0410419
3150422,1506691987.0408785
3150710,1506692047.2071035
3151094,1506692107.099831
3151520,1506692167.0987883
3151982,1506692227.0986156
3152348,1506692287.047547
3152725,1506692347.208701
3153148,1506692407.0443864
3153608,1506692467.0982392
3153986,1506692527.0981038
3154549,1506692587.0975013
3154995,1506692647.0970073
3155441,1506692707.0987532
3156357,1506692767.0962598
3156893,1506692827.2071934
3157367,1506692887.0978205
3157814,1506692947.0958629
3158313,1506693007.260519
3158764,1506693067.0410419
3159210,1506693127.1507258
3160969,1506693187.0384095
3161343,1506693247.4288285
3161765,1506693307.0379376
3162729,1506693367.0355823
3163209,1506693427.5381606
3163632,1506693487.0370157
3164063,1506693547.0364883
3164508,1506693607.1473424
3165946,1506693667.0940297
3166453,1506693727.041297
3166832,1506693787.0410028
3167212,1506693847.091056
3167635,1506693907.092724
3168015,1506693967.038138
3168399,1506694027.4291112
3168847,1506694087.0401738
3169289,1506694147.0940185
3169684,1506694207.3128974
3170118,1506694267.201126
3170508,1506694327.2020063
3170941,1506694387.0402777
3171341,1506694447.0378637
3171774,1506694507.202976
3172199,1506694567.0398564
3173213,1506694627.20287
3173840,1506694687.1506178
3174272,1506694747.3675609
3174941,1506694807.0912497
3175328,1506694867.0384994
3176053,1506694927.4818726
3178515,1506694987.1487732
3178940,1506695047.0384152
3179554,1506695107.092244
3180132,1506695167.257821
3181150,1506695227.092315
3181955,1506695287.2033446
3182571,1506695347.2580738
3183144,1506695407.091499
3184949,1506695467.0403175
3185354,1506695527.1504576
3185857,1506695587.5361876
3187195,1506695647.0969281
3187683,1506695707.0376797
3188256,1506695767.0952241
3188909,1506695827.039501
3189650,1506695887.0377343
3190333,1506695947.3166301
3190829,1506696007.2599635
3191314,1506696067.3721237
3195589,1506696127.2051213
3196057,1506696187.0923498
3196530,1506696247.1528041
3197147,1506696307.2048407
3197559,1506696367.0912528
3199650,1506696427.0965087
3200204,1506696487.0973234
3201307,1506696547.0935194
3201881,1506696607.1473331
3202342,1506696667.2581635
3202739,1506696727.0393064
3203215,1506696787.205331
3203873,1506696847.09196
3204421,1506696907.203387
3204859,1506696967.2626467
3206007,1506697027.1487546
3206487,1506697087.0932896
3207057,1506697147.1508746
3207454,1506697207.0356245
3208871,1506697267.647643
3209306,1506697327.0379598
3209851,1506697387.097331
3210311,1506697447.1496146
3210870,1506697507.038078
3211476,1506697567.0988317
3212206,1506697627.038066
3212709,1506697687.0391142
3213390,1506697747.7085838
3213994,1506697807.426772
3214998,1506697867.0399368
3217881,1506697927.0399673
3218428,1506697987.0955453
3219100,1506698047.4331763
3219833,1506698107.0949638
3220308,1506698167.2613013
3220809,1506698227.040029
3221251,1506698287.038029
3221856,1506698347.5376883
3222383,1506698407.0940275
3223150,1506698467.0962124
3223780,1506698527.0386226
3224371,1506698587.0429137
3224932,1506698647.095863
3225407,1506698707.4289465
3226064,1506698767.0391176
3226481,1506698827.04209
3227737,1506698887.148578
3228291,1506698947.0955641
3229060,1506699007.5386147
3229661,1506699067.0381696
3230296,1506699127.0358167
3230877,1506699187.2596035
3231605,1506699247.2590857
3232137,1506699307.0930846
3232943,1506699367.037114
3233594,1506699427.1502876
3234108,1506699487.0354416
3234826,1506699547.2019527
3235407,1506699607.0944014
3235881,1506699667.205026
3236389,1506699727.0942814
3237106,1506699787.1486776
3237776,1506699847.146092
3240786,1506699907.5366986
3241309,1506699967.2022917
3241871,1506700027.090987
3242598,1506700087.1453412
3243110,1506700147.0355353
3243750,1506700207.0954552
3245627,1506700267.0379922
3246083,1506700327.1456735
3247583,1506700387.0369902
3248082,1506700447.258609
3248709,1506700507.0365636
3249095,1506700567.0959003
3249917,1506700627.204921
3250464,1506700687.0901601
3250969,1506700747.0364625
3251942,1506700807.2023687
3252515,1506700867.2012608
3253219,1506700927.093952
3253920,1506700987.042364
3254847,1506701047.037847
3255420,1506701107.040049
3256024,1506701167.0940652
3256697,1506701227.425744
3257617,1506701287.206481
3258211,1506701347.0423315
3258886,1506701407.0426192
3259984,1506701467.0982795
3260686,1506701527.1551762
3261543,1506701587.098023
3261997,1506701647.2094064
3262655,1506701707.1004133
3263353,1506701767.0424786
3263950,1506701827.041655
3265742,1506701887.2666247
3266290,1506701947.2097406
3267522,1506702007.098132
3268068,1506702067.0431988
3268955,1506702127.103514
3269651,1506702187.0434523
3278707,1506702247.1543903
3280453,1506702307.0436485
3281025,1506702367.1556342
3281771,1506702427.155196
3282463,1506702487.2128146
3283166,1506702547.2672896
3283788,1506702607.0464225
3284366,1506702667.0458646
3285404,1506702727.1577086
3286735,1506702787.0455844
3287432,1506702847.0464256
3288218,1506702907.044241
3288850,1506702967.209832
3289461,1506703027.2668319
3290180,1506703087.210132
3290882,1506703147.1013348
3291576,1506703207.486654
3292333,1506703267.15545
3293087,1506703327.4869745
3293637,1506703387.1539538
3294315,1506703447.2116797
3295786,1506703507.039659
3296376,1506703567.098904
3297117,1506703627.2632117
3298211,1506703687.0968962
3299165,1506703747.0984318
3299886,1506703807.2631345
3300507,1506703867.320361
3301203,1506703927.040984
3301853,1506703987.0398164
3302762,1506704047.094079
3303334,1506704107.094097
3304148,1506704167.0434206
3305876,1506704227.0401208
3306603,1506704287.262321
3307295,1506704347.0937412
3307885,1506704407.0950797
3308473,1506704467.0438342
3309253,1506704527.6538434
3309977,1506704587.0459669
3310566,1506704647.1500921
3311167,1506704707.1508574
3312593,1506704767.0378776
3313298,1506704827.1515276
3313936,1506704887.3745394
3314570,1506704947.0930436
3315325,1506705007.1491647
3316103,1506705067.041696
3316868,1506705127.0974753
3317428,1506705187.0398154
3318060,1506705247.0399535
3318769,1506705307.042168
3319452,1506705367.152171
3320033,1506705427.2080076
3320941,1506705487.7069013
3322038,1506705547.2060647
3322771,1506705607.0969791
3323523,1506705667.1546202
3324120,1506705727.0428424
3324889,1506705787.484385
3325432,1506705847.2653823
3326199,1506705907.0420096
3326982,1506705967.0432558
3327855,1506706027.0420856
3328671,1506706087.4289901
3329422,1506706147.2656767
3330119,1506706207.044096
3330869,1506706267.153685
3332729,1506706327.208059
3333424,1506706387.3779786
3334397,1506706447.0423524
3335190,1506706507.2635326
3336058,1506706567.2672606
3336709,1506706627.378372
3337280,1506706687.1533196
3338313,1506706747.0448952
3339088,1506706807.2092524
3339899,1506706867.0984259
3340566,1506706927.0976396
3343357,1506706987.3213623
3344162,1506707047.4366186
3344895,1506707107.486303
3347194,1506707167.153991
3348034,1506707227.3754392
3348809,1506707287.0972788
3349465,1506707347.048286
3350403,1506707407.1572495
3351147,1506707467.0974557
3353059,1506707527.3204327
3354050,1506707587.0442739
3354862,1506707647.0956974
3355693,1506707707.0411813
3356527,1506707767.043702
3358124,1506707827.3781114
3358771,1506707887.040613
3359513,1506707947.2639558
3360554,1506708007.2090278
3361329,1506708067.3219278
3362175,1506708127.0958188
3363154,1506708187.21017
3363954,1506708247.0423496
3364647,1506708307.0455875
3365431,1506708367.375501
3366280,1506708427.209988
3367073,1506708487.0978615
3367801,1506708547.2643728
3368537,1506708607.0458302
3369393,1506708667.0441506
3370276,1506708727.2112143
3371108,1506708787.1535163
3371921,1506708847.1012604
3373033,1506708907.0951672
3373657,1506708967.150172
3374328,1506709027.152614
3375432,1506709087.0973804
3377959,1506709147.1007662
3378717,1506709207.0984895
3379540,1506709267.0457504
3382210,1506709327.1562693
3383262,1506709387.1004267
3384175,1506709447.15387
3385490,1506709507.0439975
3386351,1506709567.0416093
3387055,1506709627.0995452
3388112,1506709687.0417066
3389182,1506709747.374483
3390128,1506709807.0970714
3390847,1506709867.043085
3391695,1506709927.042888
3392494,1506709987.0408983
3393221,1506710047.0404794
3394201,1506710107.099552
3394880,1506710167.041522
3395653,1506710227.0413094
3397349,1506710287.0985556
3398313,1506710347.2631621
3399181,1506710407.2088788
3400135,1506710467.1562295
3401127,1506710527.1525836
3401951,1506710587.151913
3403668,1506710647.1524453
3404631,1506710707.0462046
3405412,1506710767.096484
3406224,1506710827.1551654
3413621,1506710887.0989408
3414498,1506710947.0435364
3415622,1506711007.1014764
3416706,1506711067.04065
3417744,1506711127.099782
3418739,1506711187.1005585
3419784,1506711247.0996447
3420822,1506711307.6557622
3421758,1506711367.4311445
3422893,1506711427.0417492
3423874,1506711487.04528
3424736,1506711547.0410085
3426168,1506711607.2632523
3427303,1506711667.0487616
3428511,1506711727.1525865
3431571,1506711787.1542032
3433062,1506711847.375156
3434279,1506711907.0402467
3435215,1506711967.154882
3436047,1506712027.0449262
3437492,1506712087.0411518
3438350,1506712147.378121
3439350,1506712207.2090056
3440719,1506712267.104238
3441628,1506712327.2650292
3442583,1506712387.102935
3443821,1506712447.211256
3444750,1506712507.4895697
3445801,1506712567.0963788
3446631,1506712627.0981011
3448203,1506712687.0973663
3449371,1506712747.1521623
3452114,1506712807.0448055
3453159,1506712867.1011202
3454021,1506712927.09609
3454958,1506712987.264418
3455768,1506713047.2672892
3456793,1506713107.1000917
3458401,1506713167.1533008
3459339,1506713227.1527164
3460570,1506713287.098861
3461938,1506713347.2084253
3462724,1506713407.0998845
3464600,1506713467.21646
3465473,1506713527.0415173
3466428,1506713587.3254726
3467524,1506713647.2659535
3472935,1506713707.0444882
3474288,1506713767.0422819
3475630,1506713827.3195925
3476859,1506713887.2117605
3479171,1506713947.0402153
3480591,1506714007.3197966
3481903,1506714067.0965083
3483122,1506714127.1518276
3484083,1506714187.096885
3485405,1506714247.1528325
3486656,1506714307.0450153
3487459,1506714367.0446687
3488339,1506714427.1013885
3489475,1506714487.2099926
3490266,1506714547.2630296
3491509,1506714607.153076
3492542,1506714667.0999866
3493695,1506714727.5418875
3494687,1506714787.1001549
3495938,1506714847.322056
3496740,1506714907.1558905
3498167,1506714967.5985568
3499187,1506715027.099945
3500238,1506715087.0416243
3501484,1506715147.0409586
3502787,1506715207.0416372
3503723,1506715267.0972679
3504583,1506715327.044032
3505975,1506715387.213339
3507112,1506715447.1020877
3507963,1506715507.0999293
3509788,1506715567.0435646
3510830,1506715627.155516
3512399,1506715687.1563728
3513532,1506715747.0990949
3514545,1506715807.1553004
3515576,1506715867.1010346
3516701,1506715927.2094216
3517980,1506715987.4321246
3518875,1506716047.103418
3519828,1506716107.3759253
3520896,1506716167.1533399
3522189,1506716227.2103992
3523399,1506716287.0995803
3524732,1506716347.1581366
3525573,1506716407.043005
3526647,1506716467.0976567
3527549,1506716527.154746
3528441,1506716587.0442393
3529399,1506716647.0439637
3530367,1506716707.0415447
3531369,1506716767.0441482
3532228,1506716827.0434263
3533708,1506716887.044038
3534686,1506716947.0441911
3535721,1506717007.0457797
3539092,1506717067.1531956
3540049,1506717127.1534429
3541079,1506717187.0425327
3542552,1506717247.0421615
3543560,1506717307.098145
3544701,1506717367.154833
3545888,1506717427.0478144
3546893,1506717487.2662206
3548775,1506717547.0978818
3550202,1506717607.044073
3551843,1506717667.0983539
3553035,1506717727.3198602
3554494,1506717787.0430186
3555711,1506717847.0492244
3557420,1506717907.0420418
3558732,1506717967.0965374
3560291,1506718027.0981572
3561311,1506718087.0449448
3562348,1506718147.0975537
3563326,1506718207.0433218
3564182,1506718267.0457263
3565327,1506718327.0459783
3566587,1506718387.0982847
3567688,1506718447.153375
3568650,1506718507.0423887
3569816,1506718567.0478039
3571301,1506718627.0985396
3572539,1506718687.4298928
3575967,1506718747.0445676
3577357,1506718807.2645078
3578722,1506718867.0995743
3580025,1506718927.2625394
3580918,1506718988.0429628
3581875,1506719048.211939
3583038,1506719108.1007338
3584074,1506719168.0420096
3586318,1506719228.1539793
3587254,1506719288.0968995
3588320,1506719348.0432532
3589913,1506719408.3755913
3590852,1506719468.0458968
3591901,1506719528.0434968
3592951,1506719588.1565862
3593938,1506719648.1616166
3595285,1506719708.0438845
3596170,1506719768.1539001
3597005,1506719828.043215
3598087,1506719888.0459065
3599325,1506719948.5456078
3600429,1506720008.1537216
3601336,1506720068.0435174
3602721,1506720128.044102
3603676,1506720188.432428
3604731,1506720248.4315279
3605858,1506720308.1023347
3606939,1506720368.0999224
3608308,1506720428.0423048
3609523,1506720488.1024914
3611242,1506720548.1025605
3612302,1506720608.1021442
3613338,1506720668.3230426
3614664,1506720728.04549
3615638,1506720788.100972
3616949,1506720848.0990162
3618183,1506720908.1026423
3619421,1506720968.046518
3621011,1506721028.1027672
3622087,1506721088.155861
3623321,1506721148.2121072
3624686,1506721208.0995533
3625705,1506721268.3218896
3626600,1506721328.0501232
3627587,1506721388.434974
3628546,1506721448.215097
3629630,1506721508.1038876
3630616,1506721568.0454867
3631715,1506721628.042338
3632742,1506721688.2678783
3633751,1506721748.3797972
3635056,1506721808.3812664
3636132,1506721868.6550617
3637231,1506721928.2119353
3638455,1506721988.1566443
3641872,1506722048.0446746
3648798,1506722108.0437875
3649611,1506722168.5439436
3650579,1506722228.1008673
3651813,1506722288.1017888
3652908,1506722348.10194
3653974,1506722408.157651
3654897,1506722468.0449526
3656064,1506722528.0464156
3657152,1506722588.3226728
3659214,1506722648.2135239
3660689,1506722708.270305
3661560,1506722768.1006236
3662673,1506722828.1041002
3663587,1506722888.0446262
3664608,1506722948.0456953
3665462,1506723008.0485544
3666306,1506723068.3785527
3667326,1506723128.4363868
3668359,1506723188.1000383
3669609,1506723248.1039395
3670437,1506723308.1023967
3671397,1506723368.4371147
3672370,1506723428.1040115
3673296,1506723488.2143347
3674466,1506723548.100651
3675434,1506723608.2667303
3676541,1506723668.2660177
3677285,1506723728.0457299
3678420,1506723788.0439796
3679350,1506723848.101609
3680470,1506723908.4874759
3681524,1506723968.6561203
3682573,1506724028.0472887
3683742,1506724088.1557703
3685093,1506724148.1004257
3686061,1506724208.1554422
3687693,1506724268.0470917
3688865,1506724328.1036396
3689971,1506724388.2674716
3691146,1506724448.0447998
3691966,1506724508.0457814
3692760,1506724568.1548135
3693832,1506724628.1029243
3694706,1506724688.0457203
3695613,1506724748.1000118
3696812,1506724808.5460718
3697638,1506724868.102522
3698638,1506724928.2146165
3699707,1506724988.0459235
3700823,1506725048.2099829
3702310,1506725108.211715
3703420,1506725168.0429854
3704572,1506725228.0462255
3705846,1506725288.1610656
3707143,1506725348.3216078
3708025,1506725408.0983417
3708804,1506725468.4360862
3709799,1506725528.1011589
3712440,1506725588.6020567
3713324,1506725648.0996015
3715180,1506725708.0469425
3715999,1506725768.4331512
3717736,1506725828.0456853
3718952,1506725888.2109044
3719919,1506725948.1041365
3720871,1506726008.1015427
3721605,1506726068.3776722
3722467,1506726128.8210819
3723376,1506726188.1552672
3724247,1506726248.0457072
3725082,1506726308.155504
3725782,1506726368.0450559
3726936,1506726428.2670822
3727742,1506726488.1004958
3728612,1506726548.1554403
3729746,1506726608.2107053
3730905,1506726668.1017346
3732389,1506726728.0994382
3733603,1506726788.045615
3734461,1506726848.0455358
3735414,1506726908.1001773
3736268,1506726968.0459988
3737131,1506727028.046821
3738059,1506727088.1590776
3738725,1506727148.543441
3740516,1506727208.0446804
3741223,1506727268.04744
3742027,1506727328.2660303
3743120,1506727388.2654448
3743888,1506727448.0458195
3744661,1506727508.1022527
3745634,1506727568.045148
3746435,1506727628.157582
3747358,1506727688.2095876
3749609,1506727748.1572044
3750857,1506727808.0999725
3751703,1506727868.0992954
3752540,1506727928.1548433
3753431,1506727988.0433486
3754577,1506728048.1556797
3755478,1506728108.0984385
3756332,1506728168.2132275
3757300,1506728228.2654371
3758009,1506728288.2675414
3758702,1506728348.1555228
3759843,1506728408.0483613
3760884,1506728468.1566086
3761755,1506728528.0509539
3762657,1506728588.1559367
3763686,1506728648.0467818
3764422,1506728708.1550894
3765383,1506728768.3210242
3766461,1506728828.2654345
3767341,1506728888.3216195
3768339,1506728948.0462942
3769240,1506729008.1035213
3770675,1506729068.0471814
3771652,1506729128.266073
3772421,1506729188.3773923
3773214,1506729248.1029003
3774306,1506729308.1003485
3775298,1506729368.0429647
3778379,1506729428.0989835
3779184,1506729488.4894829
3780273,1506729548.0428572
3781353,1506729608.0997138
3782168,1506729668.1594217
3783533,1506729728.1007495
3784970,1506729788.2664852
3785657,1506729848.0453293
3786735,1506729908.0463705
3787514,1506729968.3236873
3788395,1506730028.154704
3789296,1506730088.3204672
3790132,1506730148.2116754
3790887,1506730208.0452611
3791780,1506730268.2136276
3792671,1506730328.1579437
3793715,1506730388.0451987
3794445,1506730448.2698007
3795352,1506730508.1026962
3796201,1506730568.1033218
3797191,1506730628.0449333
3798860,1506730688.211923
3800118,1506730748.045554
3801466,1506730808.0479884
3802286,1506730868.0449905
3803351,1506730928.3221633
3804121,1506730988.1038194
3804928,1506731048.0465703
3805538,1506731108.0999796
3806373,1506731168.9399383
3807204,1506731228.2663465
3807962,1506731288.0992155
3808897,1506731348.212678
3809817,1506731408.1002972
3810516,1506731468.1015778
3811598,1506731528.2114847
3812391,1506731588.106645
3813184,1506731648.0465908
3814019,1506731708.2171085
3814780,1506731768.0465553
3815501,1506731828.2169683
3817433,1506731888.1028795
3818246,1506731948.0444858
3819352,1506732008.2677379
3820059,1506732068.266788
3820693,1506732128.0436754
3821442,1506732188.2663999
3822200,1506732248.3235726
3823071,1506732308.0467243
3823901,1506732368.269556
3824609,1506732428.0470858
3825691,1506732488.0440118
3826549,1506732548.0454895
3827377,1506732608.154435
3828385,1506732668.047446
3829793,1506732728.0483167
3830541,1506732788.4366927
3831727,1506732848.2693715
3832499,1506732908.1010544
3834756,1506732968.2139375
3835590,1506733028.1014285
3836314,1506733088.211788
3837108,1506733148.2169468
3837959,1506733208.0453715
3840406,1506733268.045398
3841223,1506733328.0444176
3842351,1506733388.1623762
3843299,1506733448.045255
3843946,1506733508.7677355
3844564,1506733568.0476985
3845202,1506733628.100304
3845875,1506733688.158926
3846599,1506733748.1595101
3847426,1506733808.156818
3848053,1506733868.2123063
3848838,1506733928.0472636
3849539,1506733988.1024027
3850368,1506734048.0472045
3851223,1506734108.0459385
3851949,1506734168.4020815
3852874,1506734228.1557865
3853725,1506734288.047902
3854451,1506734348.1000166
3855179,1506734408.0999064
3855832,1506734468.1011531
3856529,1506734528.0455403
3857496,1506734588.047771
3858330,1506734648.099855
3859168,1506734708.0443633
3859896,1506734768.1027656
3861403,1506734828.211077
3862289,1506734888.0466452
3863113,1506734948.0452902
3863961,1506735008.0454483
3864675,1506735068.1040785
3865857,1506735128.215835
3866778,1506735188.104004
3867538,1506735248.1043565
3868332,1506735308.3226178
3869108,1506735368.2698944
3870496,1506735428.101307
3871314,1506735488.0455682
3872524,1506735548.32567
3873429,1506735608.1556537
3874117,1506735668.0516143
3875112,1506735728.044881
3875777,1506735788.0445638
3876558,1506735848.270191
3877270,1506735908.1037867
3877914,1506735968.045457
3878651,1506736028.1056666
3879394,1506736088.3773394
3880569,1506736148.265528
3881150,1506736208.2114213
3881894,1506736268.101682
3882482,1506736328.1015515
3883609,1506736388.4314272
3884849,1506736448.7141309
3885420,1506736508.0986
3886117,1506736568.044961
3886758,1506736628.1549602
3887489,1506736688.043425
3888187,1506736748.3231232
3888884,1506736808.2132957
3889688,1506736868.266387
3890336,1506736928.2096746
3890967,1506736988.0452826
3891687,1506737048.1568503
3892472,1506737108.100235
3893305,1506737168.3213732
3894598,1506737228.155881
3895339,1506737288.0462186
3896244,1506737348.1555846
3897026,1506737408.2123315
3897618,1506737468.043673
3898288,1506737528.2684295
3899178,1506737588.2669797
3901253,1506737648.155138
3901899,1506737708.097661
3902825,1506737768.0453515
3903623,1506737828.0423288
3904441,1506737888.154312
3905050,1506737948.3779864
3905917,1506738008.0451155
3906668,1506738068.4891806
3907319,1506738128.0437264
3908041,1506738188.042295
3908616,1506738248.2671456
3909251,1506738308.0983374
3909970,1506738368.0432744
3910634,1506738428.0429728
3911235,1506738488.1014209
3912439,1506738548.0439336
3913273,1506738608.0996919
3913874,1506738668.2689524
3914625,1506738728.0464246
3915321,1506738788.0985997
3915840,1506738848.0465257
3916612,1506738908.0440173
3917358,1506738968.0987964
3917911,1506739028.0992908
3918664,1506739088.2117038
3926168,1506739148.099826
3926783,1506739208.2117722
3928968,1506739268.2109826
3929630,1506739328.044025
3930280,1506739388.1005642
3930934,1506739448.1547723
3931684,1506739508.379995
3932397,1506739568.15495
3933099,1506739628.3768177
3933745,1506739688.0987809
3934350,1506739748.1549907
3934999,1506739808.0997326
3935993,1506739868.0431004
3936530,1506739928.2105694
3937258,1506739988.100154
3938388,1506740048.3295052
3939133,1506740108.10214
3939745,1506740168.044915
3940409,1506740228.2118049
3941064,1506740288.0443416
3941660,1506740348.0502524
3942373,1506740408.1026363
3942996,1506740468.1587658
3943495,1506740528.4943671
3944182,1506740588.1597586
3944855,1506740648.159777
3945421,1506740709.4962645
3946068,1506740769.1047668
3946629,1506740829.0517912
3947299,1506740889.103746
3948028,1506740949.104348
3948929,1506741009.0519962
3949681,1506741069.048738
3950488,1506741129.277138
3951052,1506741189.6611342
3951625,1506741249.21787
3952189,1506741309.049723
3952898,1506741369.1043139
3953718,1506741429.15996
3954283,1506741489.2735038
3954913,1506741549.1640136
3955532,1506741609.2708938
3956101,1506741669.1041846
3956672,1506741729.1042845
3957381,1506741789.2167988
3957892,1506741849.2198246
3958525,1506741909.1061924
3959084,1506741969.0501463
3959794,1506742029.0486073
3960419,1506742089.0516565
3961123,1506742149.4987025
3961711,1506742209.049061
3962274,1506742269.1040823
3964091,1506742329.2701442
3964968,1506742389.0483403
3965740,1506742449.4416492
3966477,1506742509.6052077
3967152,1506742569.2164285
3967846,1506742629.215577
3968444,1506742689.553485
3968994,1506742749.1057646
3969554,1506742809.0515835
3970115,1506742869.1619298
3970695,1506742929.0499046
3971197,1506742989.2157526
3973951,1506743049.1087854
3974461,1506743109.0500226
3974988,1506743169.2179236
3975539,1506743229.2193952
3976106,1506743289.1050715
3976624,1506743349.104832
3977301,1506743409.0507503
3979168,1506743469.3306644
3979626,1506743529.049861
3980226,1506743589.1068547
3980788,1506743649.163651
3981373,1506743709.2154472
3982017,1506743769.105601
3982609,1506743829.160776
3983375,1506743889.0517144
3984012,1506743949.4446914
