2762795,1506225634.1025465
2763540,1506225694.134799
2764296,1506225754.1627898
2765044,1506225814.2161887
2766439,1506225874.2711484
2767125,1506225934.1611683
2767847,1506225994.0515277
2768570,1506226054.272984
2769489,1506226114.1619015
2770123,1506226174.3825607
2770804,1506226234.2146244
2771627,1506226294.0485678
2772711,1506226354.269781
2773619,1506226414.0473714
2774374,1506226474.3816047
2775118,1506226534.3284721
2775948,1506226594.1022463
2776649,1506226654.8269393
2777560,1506226714.049785
2778407,1506226774.4378886
2779112,1506226834.1601584
2779727,1506226894.102596
2780554,1506226954.0474577
2781224,1506227014.1047907
2782249,1506227074.0503833
2783187,1506227134.0481586
2783818,1506227194.1571963
2784454,1506227254.1039186
2785478,1506227314.047689
2786200,1506227374.4378204
2786787,1506227434.1583204
2787470,1506227494.1037462
2788147,1506227554.2703238
2789529,1506227614.3250234
2790156,1506227674.0477834
2793107,1506227734.6038225
2794039,1506227794.0494914
2795974,1506227854.0612798
2796724,1506227914.1594765
2797522,1506227974.159027
2798163,1506228034.1054358
2798885,1506228094.0509593
2799963,1506228154.1052945
2800574,1506228214.0648274
2801174,1506228274.1062336
2801838,1506228334.271011
2802573,1506228394.050046
2803173,1506228454.2200847
2804020,1506228514.052515
2805032,1506228574.0503805
2805662,1506228634.1056707
2806263,1506228694.2201617
2806923,1506228754.0512524
2807668,1506228814.3847864
2808394,1506228874.0523689
2808922,1506228934.0545623
2809469,1506228994.1077764
2810301,1506229054.1075513
2811106,1506229114.1092877
2811753,1506229174.1066072
2812542,1506229234.054056
2813084,1506229294.5228512
2814052,1506229354.2232175
2814903,1506229414.2745376
2815490,1506229474.0532982
2816152,1506229534.8277671
2816801,1506229594.1635551
2818787,1506229654.0546355
2819312,1506229714.6110964
2820120,1506229774.0531948
2820641,1506229834.055635
2821271,1506229894.2200098
2821746,1506229954.3326137
2822591,1506230014.10981
2823357,1506230074.05465
2824239,1506230134.2779622
2824853,1506230194.5536573
2825515,1506230254.0543468
2826184,1506230314.277359
2826838,1506230374.3883228
2827459,1506230434.2775996
2828069,1506230494.0538516
2828789,1506230554.1094208
2829384,1506230614.219145
2829980,1506230674.1135745
2830665,1506230734.2749968
2832330,1506230794.0514784
2833057,1506230854.274541
2833599,1506230914.0561953
2834238,1506230974.05391
2834897,1506231034.0561955
2835440,1506231094.2764597
2835947,1506231154.0707767
2836528,1506231214.0537386
2836973,1506231274.2223468
2837500,1506231334.1123204
2838152,1506231394.2756994
2838705,1506231454.1659176
2839380,1506231514.220619
2840033,1506231574.1113448
2840872,1506231634.287824
2842078,1506231694.2761729
2842800,1506231754.0540228
2843382,1506231814.0554845
2845408,1506231874.054472
2846055,1506231934.1110408
2846646,1506231994.4419775
2847369,1506232054.1670046
2848015,1506232114.109504
2848655,1506232174.1077473
2849151,1506232234.4437544
2849730,1506232294.1093824
2850401,1506232354.1062992
2851023,1506232414.1080685
2851627,1506232474.1085966
2852178,1506232534.107395
2852745,1506232594.1069682
2853573,1506232654.2173054
2854536,1506232714.0495644
2854971,1506232774.1623752
2855671,1506232834.3441534
2856308,1506232894.2168524
2856825,1506232954.4392939
2857675,1506233014.104938
2858277,1506233074.1040094
2858879,1506233134.216988
2859427,1506233194.0495183
2859977,1506233254.0490432
2860566,1506233314.0493896
2861096,1506233374.0483027
2861726,1506233434.0529084
2862200,1506233494.2181003
2862770,1506233554.3000624
2863277,1506233614.1361587
2863926,1506233674.105376
2864365,1506233734.2720046
2864955,1506233794.0492945
2865427,1506233854.1035547
2865942,1506233914.0498173
2866419,1506233974.3271563
2867000,1506234034.1585286
2867504,1506234094.1047711
2868158,1506234154.0497534
2868637,1506234214.219132
2869113,1506234274.0503397
2869651,1506234334.0491755
2870121,1506234394.164318
2870610,1506234454.051821
2871215,1506234514.2790818
2871794,1506234574.2711127
2872360,1506234634.163037
2872903,1506234694.1629488
2873325,1506234754.050665
2873806,1506234814.0518134
2874373,1506234874.0567005
2874938,1506234934.0473516
2875355,1506234994.050278
2875790,1506235054.0522952
2876921,1506235114.0522494
2877653,1506235174.106377
2878333,1506235234.218485
2878883,1506235294.2743282
2879500,1506235354.161847
2880034,1506235414.2750297
2880586,1506235474.2745337
2881082,1506235534.2703114
2881593,1506235594.0522268
2882253,1506235654.1062372
2882758,1506235714.3848147
2883268,1506235774.0514348
2883978,1506235834.0529287
2884512,1506235894.1051092
2884967,1506235954.2207053
2885515,1506236014.3860657
2886116,1506236074.164703
2886604,1506236134.6058826
2887115,1506236194.2198606
2887514,1506236254.2200198
2887986,1506236314.1624713
2888431,1506236374.051527
2888918,1506236434.0504115
2889426,1506236494.1076198
2889876,1506236554.2182982
2890361,1506236614.105334
2890864,1506236674.3262668
2891254,1506236734.1867397
2891800,1506236794.3434596
2892297,1506236854.2847693
2892847,1506236914.1057575
2893294,1506236974.1064072
2893732,1506237034.104792
2894188,1506237094.604576
2895535,1506237154.1616368
2896011,1506237214.051519
2896487,1506237274.0488842
2896884,1506237334.0515301
2897379,1506237394.10761
2897905,1506237454.2155845
2898351,1506237514.0479934
2898858,1506237574.050585
2899374,1506237634.3305085
2899858,1506237694.2179778
2900338,1506237754.2704363
2900799,1506237814.1052053
2901244,1506237874.163341
2901788,1506237934.1612918
2903431,1506237994.048778
2903805,1506238054.2733972
2904313,1506238114.050731
2904726,1506238174.7733538
2905168,1506238234.1042187
2905553,1506238294.1046226
2906035,1506238354.3839796
2906573,1506238414.1061351
2907325,1506238474.7168825
2907740,1506238534.3270183
2908210,1506238594.0493324
2908669,1506238654.0490456
2908996,1506238714.0692582
2909429,1506238774.2148325
2909905,1506238834.0517657
2910341,1506238894.2160976
2910780,1506238954.4391723
2911099,1506239014.0502434
2911548,1506239074.050366
2911944,1506239134.0492895
2912770,1506239194.1043804
2913180,1506239254.2189872
2913695,1506239314.0515018
2914214,1506239374.0524173
2914671,1506239434.1608903
2915055,1506239494.0502276
2915404,1506239554.217783
2915792,1506239614.217448
2916202,1506239674.052667
2916674,1506239734.106243
2917101,1506239794.1612542
2917438,1506239854.1081266
2917850,1506239914.439211
2918395,1506239974.273167
2918805,1506240034.3287237
2919211,1506240094.2211242
2919611,1506240154.1063123
2920048,1506240214.1091654
2920529,1506240274.0531552
2920880,1506240334.1086006
2921373,1506240394.1092641
2921866,1506240454.1050363
2922218,1506240514.4971154
2922582,1506240574.0518599
2923011,1506240634.2720401
2923353,1506240694.0543718
2923703,1506240754.6106117
2924122,1506240814.2739549
2924577,1506240874.0554466
2924969,1506240934.0530515
2925539,1506240994.2738075
2926027,1506241054.165869
2926397,1506241114.1076334
2926897,1506241174.1095853
2927228,1506241234.1084733
2927578,1506241294.329785
2928031,1506241354.2733834
2928491,1506241414.053174
2928917,1506241474.1081483
2929388,1506241534.1062338
2929851,1506241594.2754965
2930266,1506241654.1612053
2930757,1506241714.108508
2931177,1506241774.2742345
2931528,1506241834.5520139
2931898,1506241894.1089888
2932331,1506241954.1088686
2932616,1506242014.2203515
2932962,1506242074.1641629
2933440,1506242134.4961548
2933853,1506242194.1642845
2934238,1506242254.0535543
2934608,1506242314.05243
2935005,1506242374.1650686
2935336,1506242434.1079297
2935726,1506242494.0531669
2936005,1506242554.165593
2936384,1506242614.052576
2936826,1506242674.0534463
2937251,1506242734.0551703
2937572,1506242794.163667
2937974,1506242854.052429
2938333,1506242914.052986
2938728,1506242974.1079335
2939194,1506243034.1072567
2939607,1506243094.1075559
2939957,1506243154.1100924
2940329,1506243214.4416306
2940725,1506243274.3342986
2941078,1506243334.1639197
2941422,1506243394.053254
2941762,1506243454.1094046
2942198,1506243514.1080704
2942567,1506243574.0528686
2942995,1506243634.2223353
2943395,1506243694.0520892
2943813,1506243754.221313
2944151,1506243814.219625
2944569,1506243874.1660957
2945143,1506243934.0549881
2945511,1506243994.1101038
2945820,1506244054.1100483
2946203,1506244114.222219
2946548,1506244174.054798
2946913,1506244234.0546906
2947146,1506244294.05502
2947436,1506244354.0529757
2947738,1506244414.1090865
2948104,1506244474.052536
2948681,1506244534.1103175
2949318,1506244594.3316655
2950044,1506244654.1099975
2950430,1506244714.107238
2950757,1506244774.4434369
2951103,1506244834.106698
2951481,1506244894.0515404
2952088,1506244954.2208002
2952546,1506245014.0551014
2952882,1506245074.0525491
2953279,1506245134.2180245
2953588,1506245194.2182424
2953977,1506245254.329272
2954298,1506245314.1626906
2954746,1506245374.110427
2955118,1506245434.2206223
2955576,1506245494.0548663
2955899,1506245554.2756286
2956180,1506245614.220614
2956666,1506245674.2762544
2957043,1506245734.2201521
2957364,1506245794.2205796
2957736,1506245854.0563114
2958102,1506245914.052985
2958535,1506245974.7189307
2958909,1506246034.108471
2959255,1506246094.2200892
2959630,1506246154.2735023
2959975,1506246214.1089866
2960286,1506246274.0531137
2960607,1506246334.10757
2960965,1506246394.3310711
2961281,1506246454.2160928
2961666,1506246514.384302
2961974,1506246574.108898
2962294,1506246634.1079755
2962646,1506246694.1089368
2962985,1506246754.0537527
2963323,1506246814.0538158
2963789,1506246874.1637723
2964159,1506246934.1629791
2964520,1506246994.164443
2964840,1506247054.2197046
2965167,1506247114.1650658
2965528,1506247174.0543203
2965864,1506247234.2229507
2966168,1506247294.1658654
2966545,1506247354.1066914
2966911,1506247414.166401
2967286,1506247474.1095948
2967615,1506247534.2196434
2967967,1506247594.1069
2968364,1506247654.5556877
2968772,1506247714.1637585
2969238,1506247774.0546424
2969581,1506247834.4984467
2969882,1506247894.051294
2970202,1506247954.0518
2970702,1506248014.1635535
2970928,1506248074.1087732
2971270,1506248134.1081817
2971625,1506248194.553082
2971896,1506248254.106999
2972168,1506248314.109131
2972488,1506248374.3302584
2972787,1506248434.0520594
2973163,1506248494.1063437
2973475,1506248555.5076509
2973773,1506248615.2750049
2974058,1506248675.0524642
2974719,1506248735.7215047
2975030,1506248795.162345
2975369,1506248855.1092336
2978847,1506248915.2224963
2979276,1506248975.053699
2979823,1506249035.053314
2980121,1506249095.0880382
2980533,1506249155.19439
2980807,1506249215.0534823
2981312,1506249275.2200606
2981587,1506249335.1083574
2981912,1506249395.1078055
2982251,1506249455.166138
2982687,1506249515.219997
2982998,1506249575.1077936
2983320,1506249635.1106782
2983620,1506249695.163829
2983964,1506249755.1661563
2984265,1506249815.110899
2984622,1506249875.0535872
2984909,1506249935.3843338
2985282,1506249995.3307557
2985616,1506250055.1095192
2986039,1506250115.0553381
2986343,1506250175.1661108
2986803,1506250235.1080601
2987060,1506250295.0541613
2987386,1506250355.0524483
2987716,1506250415.166964
2987982,1506250475.0533397
2988266,1506250535.1083453
2988572,1506250595.0550249
2988912,1506250655.0525885
2989239,1506250715.0545986
2989745,1506250775.0532432
2990036,1506250835.1095963
2990300,1506250895.2754464
2990604,1506250955.3879032
2990897,1506251015.0540578
2991159,1506251075.5555062
2991466,1506251135.0537016
2991793,1506251195.5557797
2992119,1506251255.2336524
2992435,1506251315.0549748
2992807,1506251375.2211683
2993143,1506251435.2974417
2993459,1506251495.1631472
2993755,1506251555.0539749
2994062,1506251615.2767699
2994363,1506251675.164976
2994680,1506251735.0539243
2994966,1506251795.0520477
2995223,1506251855.4433231
2995580,1506251915.109293
2995863,1506251975.111746
2996160,1506252035.6654062
2996479,1506252095.1123285
2996843,1506252155.33123
2997181,1506252215.0539336
2997523,1506252275.2229693
2997845,1506252335.1652596
2998164,1506252395.1085935
2998555,1506252455.0529003
2998863,1506252515.3883617
2999186,1506252575.2096312
2999534,1506252635.0547118
2999851,1506252695.222361
3000252,1506252755.0542564
3000548,1506252815.109099
3000906,1506252875.1132922
3001278,1506252935.2779465
3001665,1506252995.1643398
3002028,1506253055.0535715
3002327,1506253115.0533593
3002713,1506253175.166506
3003024,1506253235.280092
3003715,1506253295.2211733
3003995,1506253355.218504
3004719,1506253415.0532262
3005040,1506253475.0530074
3008288,1506253535.1076734
3008654,1506253595.3886838
3008990,1506253655.108902
3009263,1506253715.1092565
3009625,1506253775.0571697
3009952,1506253835.0550678
3010231,1506253895.221646
3010534,1506253955.0532703
3011287,1506254015.2191336
3011640,1506254075.1668143
3011952,1506254135.2776635
3012317,1506254195.1073165
3012624,1506254255.1558166
3013004,1506254315.110449
3013290,1506254375.167985
3014279,1506254435.0559182
3014610,1506254495.3314183
3014933,1506254555.2925472
3015194,1506254615.0527163
3015507,1506254675.666655
3015847,1506254735.3305292
3016226,1506254795.110841
3016589,1506254855.220063
3017598,1506254915.0559351
3017954,1506254975.0525653
3018648,1506255035.0549378
3018959,1506255095.111321
3019393,1506255155.1120398
3019885,1506255215.0544314
3020260,1506255275.1102166
3020605,1506255335.0553443
3021095,1506255395.276071
3021876,1506255455.054724
3022255,1506255515.1646044
3023311,1506255575.3326876
3023978,1506255635.0554779
3024333,1506255695.109672
3026938,1506255755.1094267
3027438,1506255815.3859048
3027803,1506255875.164455
3028211,1506255935.1102047
3028597,1506255995.0567222
3029029,1506256055.499579
3029367,1506256115.0537875
3029788,1506256175.2786984
3030182,1506256235.1104484
3030634,1506256295.1105049
3031005,1506256355.0561223
3031419,1506256415.3439672
3031823,1506256475.1648889
3032155,1506256535.219892
3032585,1506256595.220608
3032933,1506256655.10849
3033298,1506256715.0545883
3033911,1506256775.3883379
3034295,1506256835.057268
3034680,1506256895.1657283
3035060,1506256955.0554476
3035509,1506257015.054902
3035892,1506257075.0531068
3036398,1506257135.053986
3036842,1506257195.167474
3037218,1506257255.0560248
3037668,1506257315.7767282
3038010,1506257375.0542789
3039069,1506257435.1673942
3039480,1506257495.055352
3039880,1506257555.1105258
3040207,1506257615.056454
3043777,1506257675.1115687
3044232,1506257735.1656575
3044718,1506257795.442758
3045130,1506257855.2212632
3046531,1506257915.329987
3046944,1506257975.0535228
3047401,1506258035.1665804
3047857,1506258095.2233462
3048275,1506258155.2786973
3048895,1506258215.0535915
3049434,1506258275.4982529
3050694,1506258335.108622
3051161,1506258395.3334892
3051630,1506258455.2228167
3052087,1506258515.1107185
3052493,1506258575.055652
3053168,1506258635.0514925
3053565,1506258695.1669564
3053941,1506258755.3903062
3054426,1506258815.1113477
3057040,1506258875.056958
3057499,1506258935.3303008
3057996,1506258995.0523524
3058676,1506259055.052786
3060546,1506259115.1678545
3060995,1506259175.303771
3061401,1506259235.1650076
3061815,1506259295.1116445
3062210,1506259355.2212822
3062639,1506259415.109947
3063066,1506259475.052662
3063477,1506259535.1089163
3064047,1506259595.163131
3064533,1506259655.2754343
3065034,1506259715.0546823
3065968,1506259775.164832
3066434,1506259835.165753
3066899,1506259895.1631243
3067372,1506259955.1078658
3067769,1506260015.1634715
3068201,1506260075.0538356
3068638,1506260135.2194529
3069005,1506260195.2184596
3069489,1506260255.274548
3069904,1506260315.2196622
3070445,1506260375.3855238
3070969,1506260435.050087
3071640,1506260495.0514798
3072215,1506260555.332257
3072768,1506260615.1074996
3073329,1506260675.0557246
3073834,1506260735.0536683
3074369,1506260795.053139
3074956,1506260855.108692
3075465,1506260915.2188385
3076089,1506260975.273538
3076609,1506261035.0534892
3077315,1506261095.2726607
3077789,1506261155.107492
3078423,1506261215.1078997
3078869,1506261275.2182977
3079395,1506261335.0534337
3079854,1506261395.1096816
3080775,1506261455.1647608
3081422,1506261515.114257
3082335,1506261575.2185428
3082869,1506261635.1053941
3083373,1506261695.1059215
3084056,1506261755.3291287
3084720,1506261815.1060328
3085307,1506261875.0527565
3086042,1506261935.1053138
3086633,1506261995.2734668
3087264,1506262055.1084204
3087751,1506262115.21775
3088285,1506262175.1878872
3088835,1506262235.2209024
3089783,1506262295.051375
3090321,1506262355.052804
3090924,1506262415.1072354
3091571,1506262475.607256
3092118,1506262535.0497699
3093286,1506262595.1066968
3093835,1506262655.217941
3094343,1506262715.106916
3094880,1506262775.0544784
3095430,1506262835.2154632
3097637,1506262895.0514889
3098229,1506262955.052947
3101388,1506263015.1603305
3102320,1506263075.2204514
3103208,1506263135.052067
3104024,1506263195.0517268
3106476,1506263255.0522068
3107081,1506263315.1065416
3107684,1506263375.1642468
3108229,1506263435.1086912
3108917,1506263495.2751403
3109962,1506263555.1081405
3110649,1506263615.329911
3111218,1506263675.1055067
3112169,1506263735.220563
3114710,1506263795.6070063
3115351,1506263855.1102197
3116351,1506263915.3862405
3116912,1506263975.0542943
3119226,1506264035.4411027
3123848,1506264095.2717216
3124499,1506264155.6072822
3125195,1506264215.0527964
3125914,1506264275.3305624
3126659,1506264335.0533838
3127438,1506264395.05028
3128522,1506264455.1053705
3129300,1506264515.161164
3129953,1506264575.2214422
3132455,1506264635.0523336
3134026,1506264695.0536978
3134699,1506264755.052579
3136201,1506264815.0490487
3136963,1506264875.1632805
3141068,1506264935.1070545
3141782,1506264995.1662364
3147145,1506265055.0520627
3150314,1506265115.2461288
3151194,1506265175.1652467
3151896,1506265235.0608027
3152939,1506265295.0539634
3153663,1506265355.224474
3154415,1506265415.110977
3155131,1506265475.0569003
3155811,1506265535.1099868
3156493,1506265595.276232
3160789,1506265655.0558789
3162799,1506265715.3355467
3163569,1506265775.3332334
3164307,1506265835.22355
3165093,1506265895.0569084
3165866,1506265955.2241666
3166804,1506266015.0555134
3167606,1506266075.0561717
3168580,1506266135.0582767
3169507,1506266195.1107435
3170303,1506266255.1122546
3170977,1506266315.1693466
3172223,1506266375.44388
3173193,1506266435.1109304
3174063,1506266495.1122613
3174936,1506266555.1111968
3175734,1506266615.2788672
3176593,1506266675.111671
3177452,1506266735.7249234
3178279,1506266795.1129758
3182544,1506266855.1135137
3184208,1506266915.0594256
3185120,1506266975.0567453
3185917,1506267035.2778358
3186554,1506267095.056352
3187569,1506267155.0571897
3188516,1506267215.0567763
3189353,1506267275.446993
3190500,1506267335.0551221
3192209,1506267395.3373451
3193200,1506267455.1136315
3194031,1506267515.167816
3194873,1506267575.1145704
3196425,1506267635.3353195
3197361,1506267695.445733
3198310,1506267755.3894494
3199195,1506267815.1121018
3200122,1506267875.6687925
3200945,1506267935.168784
3201958,1506267995.1128397
3202796,1506268055.2220807
3203727,1506268115.1703844
3204557,1506268175.1140864
3205341,1506268235.555897
3206371,1506268295.2804477
3207221,1506268355.667056
3208164,1506268415.1140509
3209152,1506268475.1146348
3210071,1506268535.0576622
3210978,1506268595.2808063
3211794,1506268655.0579214
3212814,1506268715.2803204
3213718,1506268775.2225857
3214707,1506268835.2245026
3215683,1506268895.1654975
3217332,1506268955.0576546
3218634,1506269015.1154602
3219564,1506269075.111156
3220690,1506269135.05852
3221562,1506269195.169036
3222473,1506269255.0570202
3223540,1506269315.3921137
3224485,1506269375.44753
3225983,1506269435.114705
3226926,1506269495.1695156
3229196,1506269555.059057
3230229,1506269615.059743
3230936,1506269675.1142635
3231816,1506269735.1121151
3232804,1506269795.2263281
3233893,1506269855.392187
3235053,1506269915.225832
3235877,1506269975.3907382
3237003,1506270035.0564182
3238003,1506270095.0577505
3239099,1506270155.227365
3240019,1506270215.1116698
3241578,1506270275.168884
3242568,1506270335.1135547
3243584,1506270395.0608141
3244916,1506270455.17059
3246021,1506270515.0587697
3247174,1506270575.0579107
3248097,1506270635.0573618
3249070,1506270695.1161203
3250198,1506270755.170583
3251042,1506270815.05948
3252136,1506270875.2239535
3253322,1506270935.3904626
3254468,1506270995.114693
3255452,1506271055.1140766
3257492,1506271115.0576034
3261030,1506271175.057109
3262056,1506271235.2798858
3263116,1506271295.2252648
3264166,1506271355.112949
3265392,1506271415.2797806
3269852,1506271475.2218945
3270794,1506271535.0557427
3272280,1506271595.279889
3273346,1506271655.1705585
3274545,1506271715.0560162
3275648,1506271775.0555148
3276778,1506271835.1704562
3277815,1506271895.0553403
3279006,1506271955.2205517
3280035,1506272015.1117065
3281520,1506272075.2201738
3282637,1506272135.3343496
3283762,1506272195.055088
3285181,1506272255.0554512
3286448,1506272315.1638615
3287672,1506272375.0542486
3289082,1506272435.0542612
3290416,1506272495.1109858
3291445,1506272555.1670375
3292478,1506272615.1648927
3293397,1506272675.05338
3294876,1506272735.3310916
3296041,1506272795.2749171
3297777,1506272855.1651251
3299231,1506272915.1128483
3300442,1506272975.22057
3303384,1506273035.054098
3304710,1506273095.0553994
3306129,1506273155.1670206
3309641,1506273215.1667519
3311339,1506273275.058692
3312434,1506273335.1675186
3313543,1506273395.0549564
3315025,1506273455.1685224
3316268,1506273515.1693373
3317941,1506273575.0566134
3318943,1506273635.1694407
3320005,1506273695.3344872
3321943,1506273755.0592034
3323130,1506273815.0599008
3324160,1506273875.0587704
3325408,1506273935.11179
3326835,1506273995.0581155
3328186,1506274055.2277873
3329424,1506274115.1146858
3330990,1506274175.0593157
3331991,1506274235.3373978
3334257,1506274295.6134655
3338168,1506274355.2228303
3339335,1506274415.3918033
3340395,1506274475.170498
3342762,1506274535.2798805
3344028,1506274595.1143606
3345161,1506274655.1151147
3346389,1506274715.114015
3347745,1506274775.0573363
3349018,1506274835.0592778
3350297,1506274895.0578315
3351560,1506274955.1129243
3353062,1506275015.1678796
3354775,1506275075.1140325
3356005,1506275135.1133575
3357317,1506275195.0587997
3358499,1506275255.0586057
3359603,1506275315.0581722
3361095,1506275375.0611637
3362337,1506275435.170927
3363653,1506275495.058831
3364963,1506275555.2264066
3366239,1506275615.0577598
3367832,1506275675.056915
3369093,1506275735.0605614
3370417,1506275795.446316
3371740,1506275855.0567594
3372927,1506275915.1692412
3374100,1506275975.1708436
3375423,1506276035.057841
3376551,1506276095.1699317
3377945,1506276155.0583599
3379830,1506276215.2237496
3381122,1506276275.1141946
3382340,1506276335.0575712
3384033,1506276395.0614066
3385249,1506276455.2237508
3386261,1506276515.0571747
3387643,1506276575.0576856
3389175,1506276635.0589345
3390675,1506276695.1167076
3391901,1506276755.1697633
3393251,1506276815.502219
3394580,1506276875.0599105
3395940,1506276935.17157
3397419,1506276995.0611434
3398593,1506277055.1692908
3400091,1506277115.11373
3401290,1506277175.3361802
3402642,1506277235.281221
3403936,1506277295.2800791
3405429,1506277355.0602093
3406935,1506277415.1693482
3408059,1506277475.0583675
3409465,1506277535.110712
3410900,1506277595.060865
3412524,1506277655.0565634
3414113,1506277715.0602436
3416432,1506277775.1144876
3417711,1506277835.0594223
3421502,1506277895.113378
3422776,1506277955.0585475
3424275,1506278015.111522
3426078,1506278075.0561604
3427779,1506278135.0564635
3429303,1506278195.057142
3430713,1506278255.113089
3432154,1506278315.059034
3433410,1506278375.114188
3434882,1506278435.1682007
3436227,1506278495.3346524
3437528,1506278555.0571988
3439057,1506278615.1155934
3440388,1506278675.1677191
3441442,1506278735.2258117
3442897,1506278795.3347542
3444931,1506278855.058063
3446104,1506278915.0557425
3447419,1506278975.1120307
3450537,1506279035.1113236
3452312,1506279095.11051
3453474,1506279155.1153018
3454737,1506279215.2782989
3457020,1506279275.168357
3458288,1506279335.0585976
3459860,1506279395.057732
3461230,1506279455.1117816
3462562,1506279515.3900948
3463751,1506279575.1130161
3465246,1506279635.111681
3466735,1506279695.0579724
3468299,1506279755.0579445
3469823,1506279815.056786
3471818,1506279875.112769
3473193,1506279935.1691651
3474468,1506279995.1139486
3475879,1506280055.1711555
3477305,1506280115.1678388
3478710,1506280175.2253187
3480073,1506280235.1143336
3481431,1506280295.1712933
3483619,1506280355.0601404
3484874,1506280415.2243538
3486382,1506280475.2788727
3487600,1506280535.113544
3489070,1506280595.059599
3490398,1506280655.057942
3491898,1506280715.1136475
3493207,1506280775.1152682
3494748,1506280835.3357172
3496003,1506280895.0619464
3497331,1506280955.1150868
3499058,1506281015.1175747
3500353,1506281075.0611768
3501719,1506281135.2827213
3502977,1506281195.1144953
3504114,1506281255.169294
3505451,1506281315.1400588
3506978,1506281375.0574868
3508283,1506281435.0592463
3509560,1506281495.3362184
3510818,1506281555.114863
3512326,1506281615.0581527
3514518,1506281675.0596397
3516010,1506281735.1144078
3517185,1506281795.0600538
3518721,1506281855.1685295
3520269,1506281915.226187
3521694,1506281975.1116393
3522959,1506282035.111918
3524432,1506282095.1116273
3526452,1506282155.336428
3527961,1506282215.055892
3529249,1506282275.0593262
3530451,1506282335.059625
3531958,1506282395.170425
3533636,1506282455.0573404
3534918,1506282515.057329
3536287,1506282575.0557072
3537732,1506282635.6690714
3539156,1506282695.22539
3540499,1506282755.1106522
3542322,1506282815.1674166
3543856,1506282875.0578363
3545170,1506282935.113809
3546925,1506282995.05644
3548294,1506283055.2236557
3549662,1506283115.057162
3550885,1506283175.0575118
3552328,1506283235.3891964
3554213,1506283295.0583522
3555597,1506283355.166971
3557020,1506283415.1104565
3559579,1506283475.1138277
3561140,1506283535.1119528
3562559,1506283595.0595927
3564263,1506283655.1678615
3565576,1506283715.2240763
3567125,1506283775.058368
3568486,1506283835.22433
3570091,1506283895.1148086
3571664,1506283955.0563707
3572789,1506284015.3920817
3574095,1506284075.283048
3575762,1506284135.1688733
3577133,1506284195.2812204
3578624,1506284255.2226129
3580424,1506284315.115789
3582292,1506284375.334744
3583528,1506284435.22688
3585260,1506284495.2811058
3586899,1506284555.1698844
3588269,1506284615.0571938
3589745,1506284675.1136162
3591262,1506284735.1163816
3593097,1506284795.058381
3594640,1506284855.0587234
3596234,1506284915.3359394
3597402,1506284975.223435
3598623,1506285035.3904881
3600116,1506285095.2245
3601770,1506285155.1130142
3603274,1506285215.0603366
3604648,1506285275.3364143
3606154,1506285335.224169
3607716,1506285395.1132839
3609193,1506285455.2829373
3610573,1506285515.168472
3612073,1506285575.1148775
3614100,1506285635.1713502
3615541,1506285695.2258666
3617103,1506285755.4478693
3618436,1506285815.057522
3619863,1506285875.2248707
3621473,1506285935.0576885
3622988,1506285995.277379
3624521,1506286055.279609
3625994,1506286115.1147773
3627652,1506286175.4475904
3629445,1506286235.169316
3630885,1506286295.055038
3632259,1506286355.5556762
3633699,1506286415.277909
3634995,1506286475.2801995
3637232,1506286535.2243078
3639181,1506286595.2240267
3640551,1506286655.05604
3643635,1506286715.055407
3645837,1506286775.2238162
3647040,1506286835.2851574
3648745,1506286895.057109
3650234,1506286955.055135
3652146,1506287015.4439874
3653665,1506287075.332116
3655200,1506287135.0555093
3656478,1506287195.1099203
3658013,1506287255.0556076
3659358,1506287315.1109025
3660970,1506287375.1126375
3663425,1506287435.2766454
3665845,1506287495.0565104
3667390,1506287555.05812
3669001,1506287615.2785792
3670489,1506287675.0576549
3671841,1506287735.1692185
3673212,1506287795.1116717
3674693,1506287855.1133628
3676241,1506287915.2233913
3677471,1506287975.0587895
3678924,1506288035.1137662
3680373,1506288095.0571058
3681738,1506288155.7249315
3683080,1506288215.1681101
3684620,1506288275.3356407
3686273,1506288335.4487479
3689787,1506288395.3359678
3691361,1506288455.1686268
3692821,1506288515.5017982
3694042,1506288575.0608644
3695675,1506288635.224256
3697378,1506288695.11434
3698663,1506288755.116317
3699835,1506288815.1149335
3702072,1506288875.3350742
3703751,1506288935.0583522
3705394,1506288995.2293818
3708861,1506289055.1153257
3710459,1506289115.1685
3711958,1506289175.114497
3713310,1506289235.114985
3714839,1506289295.0584524
3716089,1506289355.0602329
3717514,1506289415.1180642
3718866,1506289475.057912
3720466,1506289535.059836
3721874,1506289595.0625477
3724079,1506289655.176463
3725481,1506289715.1159484
3726762,1506289775.058907
3728181,1506289835.1152034
3730047,1506289895.0595386
3731360,1506289955.0597103
3732740,1506290015.0607111
3734138,1506290075.1713653
3735191,1506290135.171747
3736741,1506290195.1689155
3738152,1506290255.0592864
3739764,1506290315.1133232
3740991,1506290375.3938096
3742303,1506290435.083315
3743501,1506290495.113536
3745053,1506290555.1131845
3746593,1506290615.4475157
3748019,1506290675.11563
3749220,1506290735.061218
3750574,1506290795.057278
3751999,1506290855.1727295
3753520,1506290915.1168704
3755006,1506290975.2836545
3756388,1506291035.2822764
3757945,1506291095.1163497
3759193,1506291155.1158319
3760474,1506291215.6722076
3761758,1506291275.118875
3763871,1506291335.3375688
3765543,1506291395.1187022
3766775,1506291455.1169407
3769310,1506291515.170441
3770687,1506291575.117275
3771959,1506291635.1177845
3773678,1506291695.3911946
3775102,1506291755.128648
3776213,1506291815.1165648
3777553,1506291875.05908
3778748,1506291935.057076
3779810,1506291995.2244546
3781203,1506292055.0594983
3783708,1506292115.167705
3785145,1506292175.2246692
3786291,1506292235.0585337
3787601,1506292296.001927
3788886,1506292356.3373713
3789989,1506292416.058019
3791449,1506292476.0581348
3792562,1506292536.0580235
3793991,1506292596.724537
3795240,1506292656.170307
3796903,1506292716.1650252
3798427,1506292776.113954
3799860,1506292836.1673908
3801451,1506292896.0559723
3802869,1506292956.1132524
3804324,1506293016.3336203
3805864,1506293076.2222636
3807097,1506293136.2221081
3808386,1506293196.1118858
3809646,1506293256.7269478
3811152,1506293316.3346233
3812370,1506293376.1682549
3813860,1506293436.0548937
3815003,1506293496.0583014
3816208,1506293556.165216
3817620,1506293616.278334
3819178,1506293676.2260547
3820348,1506293736.392293
3821468,1506293796.1131127
3822729,1506293856.059641
3824086,1506293916.2805488
3825586,1506293976.0579846
3827116,1506294036.0585258
3828198,1506294096.1147327
3829597,1506294156.0622933
3831081,1506294216.3938146
3832168,1506294276.1739383
3833626,1506294336.227939
3834867,1506294396.2843094
3836535,1506294456.1154642
3837669,1506294516.1167967
3838915,1506294576.1166677
3840187,1506294636.0599303
3841697,1506294696.226905
3842842,1506294756.1156986
3844255,1506294816.063369
3845219,1506294876.1722639
3846593,1506294936.1184535
3850531,1506294996.115943
3851718,1506295056.0625234
3852912,1506295116.1716502
3853931,1506295176.3380136
3855160,1506295236.0645473
3856234,1506295296.3418522
3857414,1506295356.0610206
3858540,1506295416.3387306
3860045,1506295476.1177924
3861349,1506295536.0649593
3862442,1506295596.3953218
3863668,1506295656.1175761
3865283,1506295716.3948927
3866703,1506295776.1743712
3868043,1506295836.1193027
3869848,1506295896.120518
3871074,1506295956.0656147
3872223,1506296016.3410113
3873518,1506296076.2838402
3875346,1506296136.06164
3877380,1506296196.0655787
3879057,1506296256.5072262
3880600,1506296316.1750908
3881671,1506296376.0610328
3882952,1506296436.0599117
3884021,1506296496.063221
3885329,1506296556.1155028
3886458,1506296616.061946
3887553,1506296676.1736279
3889017,1506296736.064046
3891270,1506296796.063359
3892564,1506296856.2319891
3893779,1506296916.3402922
3895308,1506296976.062596
3896638,1506297036.2274785
3897998,1506297096.06237
3899303,1506297156.1767995
3900805,1506297216.0657642
3902145,1506297276.1738024
3903917,1506297336.0650337
3905591,1506297396.0636578
3906934,1506297456.0634668
3908643,1506297516.562898
3910357,1506297576.0622923
3911408,1506297636.1163292
3912919,1506297696.0621157
3914770,1506297756.4532595
3917139,1506297816.8421133
3918246,1506297876.0630562
3919586,1506297936.2299047
3920702,1506297996.1183305
3921866,1506298056.119753
3923110,1506298116.0617423
3924319,1506298176.2282717
3925468,1506298236.1192844
3926917,1506298296.0607228
3928282,1506298356.4498966
3929584,1506298416.1163573
3930862,1506298476.1748884
3932347,1506298536.0623808
3933757,1506298596.1170492
3935268,1506298656.3967032
3936418,1506298716.340619
3937547,1506298776.2286184
3938896,1506298836.118231
3940676,1506298896.119358
3941746,1506298956.0739353
3943175,1506299016.1712558
3944469,1506299076.0617921
3945831,1506299136.0625107
3946970,1506299196.0621297
3948173,1506299256.0618007
3949241,1506299316.1737316
3950190,1506299376.1180813
3951508,1506299436.1729805
3952504,1506299496.3404763
3953852,1506299556.0646286
3954829,1506299616.1751494
3956953,1506299676.1761932
3958721,1506299736.1201253
3959801,1506299796.0626624
3960746,1506299856.1710687
3961810,1506299916.0645165
3962859,1506299976.1760514
3963972,1506300036.5088313
3964932,1506300096.0648737
3966718,1506300156.1751015
3968716,1506300216.2299848
3969652,1506300276.399443
3970724,1506300336.0635595
3971688,1506300396.2898226
3972741,1506300456.1775982
3973821,1506300516.0638344
3974917,1506300576.065333
3975833,1506300636.1782553
3976862,1506300696.0669386
3977749,1506300756.2297559
3978615,1506300816.1189954
74,1506300927.0165684
598,1506300987.0173225
1213,1506301047.130529
2001,1506301107.5724165
2863,1506301167.2393856
3800,1506301227.573631
4770,1506301287.020281
5671,1506301347.3532047
6724,1506301407.0722923
7695,1506301467.4084558
8607,1506301527.0747418
9559,1506301587.0170963
10671,1506301647.0168595
11578,1506301707.0749347
12545,1506301767.0192223
13338,1506301827.075768
14182,1506301887.0201573
14989,1506301947.1873283
15874,1506302007.1300445
16748,1506302067.0182316
17585,1506302127.1300378
18593,1506302187.2430902
19420,1506302247.0182939
20338,1506302307.1853673
21273,1506302367.0747495
22294,1506302427.1877844
23168,1506302487.076722
23971,1506302547.076345
25097,1506302607.0783913
26038,1506302667.0744727
26985,1506302727.0749438
27855,1506302787.1297846
28726,1506302847.0229816
29570,1506302907.4663947
30521,1506302967.0780196
31398,1506303027.4678595
32786,1506303087.0205972
33848,1506303147.0216286
34679,1506303207.0217013
35420,1506303267.0753763
36375,1506303327.0776706
37327,1506303387.0773668
38208,1506303447.298728
39114,1506303507.4645724
40110,1506303567.4115307
41093,1506303627.0769823
42040,1506303687.0206366
42872,1506303747.078706
43772,1506303807.2462118
44866,1506303867.2417462
46017,1506303927.0751896
47055,1506303987.077082
47890,1506304047.1298885
49255,1506304107.0742505
50212,1506304167.2413008
51189,1506304227.01705
52109,1506304287.2379901
53275,1506304347.018635
54359,1506304407.1835334
55232,1506304467.0722346
56147,1506304527.1253273
57046,1506304587.2390776
58103,1506304647.183289
59282,1506304707.5725102
60214,1506304767.072822
61120,1506304827.1832068
62142,1506304887.071391
63003,1506304947.18032
64118,1506305007.1795716
64996,1506305067.0130336
66114,1506305127.182066
66954,1506305187.015637
68123,1506305247.1794772
68954,1506305307.1275797
70060,1506305367.12349
71126,1506305427.0711777
72013,1506305487.0134842
73028,1506305547.1260498
73911,1506305607.0684223
74720,1506305667.0153515
75559,1506305727.014181
76452,1506305787.235713
77405,1506305847.1238906
78141,1506305907.1251972
79325,1506305967.1237807
80203,1506306027.569196
81088,1506306087.0123088
82586,1506306147.0694618
83546,1506306207.3464699
84352,1506306267.071138
85158,1506306327.0704079
86130,1506306387.0688162
86864,1506306447.0686674
87739,1506306507.0123167
89008,1506306567.124166
89757,1506306627.4013474
90476,1506306687.1822824
91497,1506306747.291405
92239,1506306807.0142615
93281,1506306867.125618
94298,1506306927.0694158
95344,1506306987.014482
96192,1506307047.0704138
97130,1506307107.0124948
98103,1506307167.1258337
99217,1506307227.1226742
100054,1506307287.0708194
100983,1506307347.511548
101766,1506307407.011352
102616,1506307467.1779902
103671,1506307527.014065
104428,1506307587.3459284
105546,1506307647.181702
106515,1506307707.2339137
107606,1506307767.3485508
108351,1506307827.0109844
109070,1506307887.1815846
109924,1506307947.401812
110703,1506308007.0122488
111579,1506308067.0150206
112428,1506308127.2916489
113222,1506308187.0683146
113967,1506308247.235702
114691,1506308307.790928
115739,1506308367.2944987
116661,1506308427.012866
117473,1506308487.0705783
118314,1506308547.0692618
119064,1506308607.013452
119877,1506308667.1245966
120619,1506308727.2940888
121520,1506308787.0165565
122263,1506308847.403763
123048,1506308907.3476083
123809,1506308967.1271787
124706,1506309027.014238
125505,1506309087.3473272
126416,1506309147.0701616
127188,1506309207.180737
128084,1506309267.0171933
128729,1506309327.0158393
129563,1506309387.017596
130172,1506309447.6259449
130934,1506309507.0159907
131714,1506309567.0171516
132488,1506309627.018089
133169,1506309687.2961164
133840,1506309747.0738957
134664,1506309807.2956302
135764,1506309867.1261888
136596,1506309927.017822
137257,1506309987.0726244
137945,1506310047.0157914
138759,1506310107.3486285
139620,1506310167.4606109
140530,1506310227.017895
141167,1506310287.1269262
141900,1506310347.182228
142807,1506310407.2389147
143538,1506310467.0172687
144379,1506310527.0170896
145071,1506310587.1837468
145921,1506310647.5196855
146624,1506310707.0174842
147333,1506310767.0737164
148061,1506310827.240943
148817,1506310887.0170503
149496,1506310947.01961
150195,1506311007.0733273
150986,1506311067.521213
151661,1506311127.2396977
152194,1506311187.0739098
152966,1506311247.0741131
153662,1506311307.1875706
154852,1506311367.1304228
155610,1506311427.1284788
156373,1506311487.1857204
157234,1506311547.0750346
158145,1506311607.0757403
158882,1506311667.2420967
159723,1506311727.0771234
160392,1506311787.0176477
161114,1506311847.5742846
161787,1506311907.4092658
162566,1506311967.243185
