5706083,1506916811.2440279
5708138,1506916871.6342657
5708673,1506916931.0224652
5709599,1506916991.1343
5710266,1506917051.078256
5710702,1506917111.0802574
5711108,1506917171.0773726
5711534,1506917231.0817382
5712078,1506917291.079446
5712508,1506917351.299121
5712995,1506917411.022007
5713361,1506917471.020281
5713890,1506917531.0781472
5714374,1506917591.0760343
5714868,1506917651.0218403
5715586,1506917711.1897547
5716000,1506917771.0777287
5716645,1506917831.0764036
5717163,1506917891.0247908
5717593,1506917951.0782661
5718766,1506918011.0245147
5719139,1506918071.0779886
5719527,1506918131.2476125
5720030,1506918191.1346288
5720439,1506918251.0803137
5720916,1506918311.2450192
5721425,1506918371.024497
5721787,1506918431.190466
5722211,1506918491.1334362
5722687,1506918551.0807936
5723009,1506918611.0788271
5723544,1506918671.0222797
5723899,1506918731.081497
5724490,1506918791.0253658
5724988,1506918851.0787992
5725410,1506918911.079649
5725774,1506918971.4680336
5726435,1506919031.4678416
5726852,1506919091.2445812
5727191,1506919151.0221488
5727635,1506919211.132622
5728027,1506919271.0229619
5728465,1506919331.1366236
5729043,1506919391.2436244
5729445,1506919451.1897397
5729750,1506919511.1360285
5730101,1506919571.0777276
5730498,1506919631.079685
5730866,1506919691.1342802
5731266,1506919751.078434
5731702,1506919811.0767276
5732157,1506919871.2452621
5732514,1506919931.5771215
5732904,1506919991.0785356
5733257,1506920051.1356857
5733611,1506920111.0822356
5733943,1506920171.0250685
5734330,1506920231.3602972
5734707,1506920291.078827
5735001,1506920351.194541
5735434,1506920411.0268416
5735819,1506920471.1341934
5736220,1506920531.1365614
5736811,1506920591.7444856
5737130,1506920651.0800915
5737487,1506920711.0234084
5737818,1506920771.0238926
5738102,1506920831.0270073
5738476,1506920891.0810068
5738807,1506920951.1403048
5739485,1506921011.3556557
5740069,1506921071.0243142
5740425,1506921131.1914542
5740744,1506921191.0232394
5741067,1506921251.0294077
5741493,1506921311.0244777
5741842,1506921371.023946
5742153,1506921431.1344643
5742500,1506921491.0800679
5742826,1506921551.1906407
5743168,1506921611.0804186
5743494,1506921671.6358044
5743834,1506921731.5796056
5744437,1506921791.022942
5744807,1506921851.0244703
5745323,1506921911.027117
5745636,1506921971.1345677
5745966,1506922031.0281637
5746514,1506922091.0297103
5746815,1506922151.1423502
5747084,1506922211.1950822
5747390,1506922271.1382198
5747706,1506922331.0313907
5747951,1506922391.0854096
5748288,1506922451.3065841
5748576,1506922511.3632271
5748918,1506922571.0841312
5749223,1506922631.031863
5749479,1506922691.202399
5749761,1506922751.1958125
5750112,1506922811.0907009
5750499,1506922871.0867896
5750807,1506922931.309065
5751091,1506922991.1395886
5751386,1506923051.2551684
5751634,1506923111.1412795
5751888,1506923171.140454
5752262,1506923231.030424
5752488,1506923291.308658
5752743,1506923351.3061194
5753016,1506923411.1992867
5753323,1506923471.1962042
5753623,1506923531.1428041
5753926,1506923591.1430862
5754178,1506923651.0324667
5754470,1506923711.0881622
5754730,1506923771.033142
5755023,1506923831.0313187
5755287,1506923891.0866723
5755612,1506923951.029603
5755859,1506924011.0850017
5756123,1506924071.0285416
5756551,1506924131.0278249
5756844,1506924191.0845675
5757105,1506924251.4734082
5757441,1506924311.0285459
5757722,1506924371.02616
5757966,1506924431.0838318
5758243,1506924491.027803
5758543,1506924551.136322
5758780,1506924611.0824952
5759055,1506924671.0811844
5759343,1506924731.0256476
5759566,1506924791.0795372
5759845,1506924851.3596826
5760677,1506924911.0273252
5760899,1506924971.138486
5761140,1506925031.304361
5761440,1506925091.0789464
5761665,1506925151.023771
5761898,1506925211.0242598
5762069,1506925271.136276
5762347,1506925331.4173982
5762602,1506925391.1899705
5762831,1506925451.1348047
5763086,1506925511.0231216
5763326,1506925571.0245354
5763564,1506925631.080006
5764548,1506925691.1359568
5764884,1506925751.0786433
5765209,1506925811.134904
5765455,1506925871.0240784
5765878,1506925931.1353538
5766458,1506925991.1915152
5766755,1506926051.0267453
5767045,1506926111.1356804
5767272,1506926171.1406589
5767670,1506926231.0248494
5767915,1506926291.1352575
5768181,1506926351.0246875
5768458,1506926411.0838695
5768698,1506926471.305131
5768924,1506926531.412013
5769214,1506926591.1936762
5769422,1506926651.0236878
5769698,1506926711.1895907
5769930,1506926771.1349704
5770179,1506926831.3596056
5771339,1506926891.4158533
5771629,1506926951.141047
5771969,1506927011.0835338
5772261,1506927071.4166644
5772508,1506927131.1376235
5773098,1506927191.0281074
5773363,1506927251.0822296
5773619,1506927311.0253615
5774011,1506927371.082793
5774409,1506927431.0247536
5774892,1506927491.0801458
5775155,1506927551.304452
5775453,1506927611.023809
5775679,1506927671.3040352
5775951,1506927731.1369684
5776543,1506927791.14242
5776889,1506927851.0822124
5777077,1506927911.1908405
5777399,1506927971.0796564
5777602,1506928031.6381297
5778241,1506928091.0796518
5778493,1506928151.1365986
5778721,1506928211.137618
5779005,1506928271.0249357
5779289,1506928331.080041
5779526,1506928391.2486384
5779731,1506928451.079759
5779961,1506928511.5791302
5781816,1506928571.0270586
5782062,1506928631.1393209
5782257,1506928691.087069
5782562,1506928751.0237377
5782799,1506928811.0254278
5783036,1506928871.525847
5783240,1506928931.0270953
5783471,1506928991.1354678
5783677,1506929051.1353493
5783977,1506929111.079839
5784217,1506929171.090838
5784439,1506929231.3065677
5785277,1506929291.0281782
5785594,1506929351.4155753
5785788,1506929411.0259905
5786099,1506929471.6375475
5786385,1506929531.1350186
5786679,1506929591.247287
5787194,1506929651.413846
5787438,1506929711.1408508
5787662,1506929771.1381905
5787904,1506929831.1359882
5788121,1506929891.1360798
5788337,1506929951.1935081
5788619,1506930011.024949
5788870,1506930071.023087
5789148,1506930131.0257277
5789362,1506930191.1377316
5789570,1506930251.1920967
5789778,1506930311.0792162
5790050,1506930371.079486
5790376,1506930431.0244946
5790602,1506930491.0228271
5790947,1506930551.19073
5791215,1506930611.1356764
5791429,1506930671.1362386
5791645,1506930731.3048434
5791877,1506930791.2473948
5792086,1506930851.0796309
5792370,1506930911.3063247
5792687,1506930971.0784063
5792959,1506931031.0874681
5793197,1506931091.0231366
5793449,1506931151.0780678
5793675,1506931211.0818138
5793890,1506931271.0283813
5794112,1506931331.1423194
5794353,1506931391.0808294
5794602,1506931451.0257344
5794810,1506931511.1943157
5795017,1506931571.0795546
5795514,1506931631.0307348
5795731,1506931691.0270653
5795943,1506931751.2490988
5796142,1506931811.0239444
5796379,1506931871.1924806
5796579,1506931931.024695
5796827,1506931991.0280485
5797022,1506932051.0796337
5797253,1506932111.5295432
5797470,1506932171.0290496
5797659,1506932231.079489
5797906,1506932291.0279584
5798122,1506932351.0234823
5798358,1506932411.026995
5798539,1506932471.0326357
5799394,1506932531.3598351
5799999,1506932591.137184
5800236,1506932651.1406293
5800528,1506932711.0278265
5800756,1506932771.137751
5800941,1506932831.024263
5801193,1506932891.0944648
5801509,1506932951.41564
5801719,1506933011.19229
5801920,1506933071.359469
5802122,1506933131.250835
5802301,1506933191.137866
5802501,1506933251.1960354
5803133,1506933311.1388428
5803353,1506933371.0857766
5803928,1506933431.0271904
5804243,1506933491.0278301
5804440,1506933551.1942096
5804684,1506933611.303217
5804906,1506933671.0271857
5805134,1506933731.0832675
5805348,1506933791.0261946
5805558,1506933851.079643
5805788,1506933911.13554
5806032,1506933971.0274174
5807821,1506934031.1369576
5808065,1506934091.4165034
5808316,1506934151.0277798
5808607,1506934211.4158685
5808830,1506934271.3596992
5809042,1506934331.2510545
5809262,1506934391.0806124
5809494,1506934451.192159
5809800,1506934511.4149995
5810059,1506934571.0274954
5812694,1506934631.0248454
5812906,1506934691.024884
5813267,1506934751.1372457
5813526,1506934811.0270412
5813752,1506934871.0835564
5813948,1506934931.0819225
5814369,1506934991.3078675
5814594,1506935051.082545
5815082,1506935111.417781
5815264,1506935171.0832937
5815455,1506935231.027013
5815651,1506935291.1365974
5815859,1506935351.0808353
5816131,1506935411.1402447
5816287,1506935471.1950457
5816544,1506935531.0318723
5816730,1506935591.0839338
5816982,1506935651.3609328
5817220,1506935711.2479305
5817416,1506935771.3610542
5817644,1506935831.2506118
5817858,1506935891.0261745
5818092,1506935951.1447015
5818346,1506936011.0285347
5818559,1506936071.1380355
5818765,1506936131.139801
5819094,1506936191.028561
5819441,1506936251.0259843
5819655,1506936311.0312128
5819862,1506936371.029708
5820093,1506936431.026534
5820363,1506936491.0827746
5820578,1506936551.0808468
5820759,1506936611.0281916
5821088,1506936671.1372893
5821278,1506936731.0281944
5821481,1506936791.080783
5821730,1506936851.0274947
5821953,1506936911.3607042
5822124,1506936971.0844338
5822370,1506937031.1380043
5822546,1506937091.303592
5822846,1506937151.027629
5823068,1506937211.0843027
5823274,1506937271.3044798
5823489,1506937331.5811574
5823818,1506937391.0272098
5824099,1506937451.085729
5824289,1506937511.0824146
5824571,1506937571.2528799
5824789,1506937631.0271864
5825012,1506937691.0276742
5825230,1506937751.0260992
5825565,1506937811.0323694
5825769,1506937871.1402297
5826037,1506937931.415251
5826358,1506937991.303605
5826573,1506938051.081879
5826955,1506938111.1368155
5827263,1506938171.0300736
5827573,1506938231.0818517
5827767,1506938291.0839403
5828026,1506938351.02695
5828242,1506938411.0263543
5828458,1506938471.0285604
5828727,1506938531.3605385
5828941,1506938591.1942112
5829191,1506938651.3599846
5829394,1506938711.0826633
5829590,1506938771.028982
5829795,1506938831.0828133
5829994,1506938891.025971
5830222,1506938951.136905
5830441,1506939011.0800505
5830680,1506939071.083651
5831041,1506939131.1420343
5831317,1506939191.0285935
5831566,1506939251.364174
5831978,1506939311.1927
5832187,1506939371.3052104
5832440,1506939431.307692
5832652,1506939491.5263526
5832869,1506939551.0294363
5833068,1506939611.4763246
5833312,1506939671.0269165
5833503,1506939731.0834851
5833746,1506939791.1409216
5833965,1506939851.1946125
5834748,1506939911.083868
5835019,1506939971.0832226
5835226,1506940031.1959934
5835439,1506940091.0268164
5835781,1506940151.2500033
5836045,1506940211.0301726
5836626,1506940271.027432
5836848,1506940331.0280259
5837074,1506940391.028074
5837289,1506940451.0290647
5837489,1506940511.0283964
5837729,1506940571.2485948
5837913,1506940631.0832195
5838155,1506940691.3029487
5838501,1506940751.3622015
5838735,1506940811.191972
5838999,1506940871.0256202
5839384,1506940931.0280788
5839642,1506940991.4175198
5839870,1506941051.0843945
5840210,1506941111.3040373
5840442,1506941171.193913
5840892,1506941231.028514
5841114,1506941291.0273256
5841389,1506941351.0829735
5841716,1506941411.3057294
5841963,1506941471.193313
5842354,1506941531.1398377
5842602,1506941591.358439
5844103,1506941651.0275111
5844414,1506941711.304269
5844662,1506941771.0821435
5844947,1506941831.2494268
5845150,1506941891.0287511
5845409,1506941951.083751
5845673,1506942011.1928961
5845900,1506942071.1374235
5846133,1506942131.0818095
5846402,1506942191.02764
5846642,1506942251.2512345
5846911,1506942311.3623219
5847189,1506942371.693392
5847463,1506942431.0267246
5847770,1506942491.471408
5848585,1506942551.3068466
5848812,1506942611.082645
5849118,1506942671.0307891
5849397,1506942731.1946046
5849651,1506942791.249031
5849939,1506942851.028737
5850149,1506942911.1385214
5850466,1506942971.0822105
5850706,1506943031.1381514
5851225,1506943091.4161088
5851489,1506943151.0298164
5851720,1506943211.028254
5852054,1506943271.0831883
5852309,1506943331.3604922
5852637,1506943391.0284388
5852905,1506943451.0299194
5853165,1506943511.1385708
5853420,1506943571.027096
5854080,1506943631.0262804
5854348,1506943691.086855
5854576,1506943751.3094368
5854828,1506943811.0277305
5855155,1506943871.03098
5855431,1506943931.0834394
5855754,1506943991.138493
5855957,1506944051.027138
5856275,1506944111.1395466
5856518,1506944171.1391418
5856824,1506944231.0274978
5857123,1506944291.3611994
5857939,1506944351.0271122
5858167,1506944411.0842628
5858457,1506944471.0839472
5858921,1506944531.3609538
5859271,1506944591.138503
5859483,1506944651.0831373
5859748,1506944711.1936042
5860712,1506944771.0825627
5860966,1506944831.0861707
5861269,1506944891.1384304
5861523,1506944951.3601952
5861796,1506945011.0259538
5862027,1506945071.637628
5862515,1506945131.0812685
5863041,1506945191.0827007
5863296,1506945251.0276396
5863575,1506945311.1370523
5864123,1506945371.0277495
5864414,1506945431.1370323
5865011,1506945491.0814035
5865271,1506945551.141186
5865560,1506945611.1486998
5865774,1506945671.0276399
5866092,1506945731.0830135
5866311,1506945791.08381
5866560,1506945851.0831184
5866791,1506945911.3073153
5867034,1506945971.139178
5867275,1506946031.0272102
5867520,1506946091.0279927
5867737,1506946151.0828032
5868017,1506946211.081675
5868272,1506946271.0824437
5868522,1506946331.4166234
5868871,1506946391.193982
5869128,1506946451.306305
5869392,1506946511.0271544
5871645,1506946571.1935077
5871950,1506946631.0277295
5872312,1506946691.1405206
5872558,1506946751.2538729
5873027,1506946811.3076096
5873472,1506946871.084241
5874066,1506946931.254396
5874607,1506946991.1410797
5874953,1506947051.3634052
5875225,1506947111.305915
5876254,1506947171.2509236
5876884,1506947231.143034
5877388,1506947291.252999
5877643,1506947351.0857816
5877948,1506947411.1427171
5878262,1506947471.3652647
5878628,1506947531.0292077
5878906,1506947591.0864234
5879161,1506947651.1957893
5879482,1506947711.1415043
5879720,1506947771.473415
5879960,1506947831.0838034
5880292,1506947891.31041
5880587,1506947951.1961856
5880806,1506948011.2534513
5882603,1506948071.2537026
5882867,1506948131.306777
5883110,1506948191.1960952
5883356,1506948251.029599
5883724,1506948311.088303
5884052,1506948371.419176
5884368,1506948431.0858173
5885111,1506948491.084565
5885413,1506948551.0844033
5885677,1506948611.3091664
5886468,1506948671.1956284
5886770,1506948731.085819
5887016,1506948791.0854757
5887371,1506948851.0860143
5887790,1506948911.4745772
5888140,1506948971.4734936
5888382,1506949031.1409504
5888706,1506949091.0281024
5888938,1506949151.1406903
5889194,1506949211.0325205
5889478,1506949271.1973412
5889819,1506949331.0297322
5890108,1506949391.028784
5890440,1506949451.0858812
5890740,1506949511.14457
5891976,1506949571.2540226
5892266,1506949631.1978319
5892553,1506949691.0296712
5893158,1506949751.0296478
5893479,1506949811.0862982
5893758,1506949871.030907
5894012,1506949931.0300405
5894327,1506949991.0291371
5894630,1506950051.91891
5894894,1506950111.1418662
5895208,1506950171.3625996
5864318,1506950231.0850198
5864619,1506950291.0871787
5864860,1506950351.0863657
5865218,1506950411.0849648
5865486,1506950471.2523043
5866083,1506950531.0349762
5867120,1506950591.0875413
5867454,1506950651.4197178
5900526,1506950711.0844114
5900780,1506950771.3614008
5901061,1506950831.0856802
5901374,1506950891.085945
5901664,1506950951.034425
5901926,1506951011.0307071
5902235,1506951071.02693
5902496,1506951131.1952853
5902794,1506951191.249695
5903054,1506951251.083513
5903368,1506951311.0844758
5903755,1506951371.1396544
5904025,1506951431.1940076
5904384,1506951491.195824
5904726,1506951551.0833192
5904995,1506951611.0819013
5905487,1506951671.0282419
5905776,1506951731.1971376
5906018,1506951791.0264556
5906519,1506951851.083154
5907521,1506951911.0833764
5907801,1506951971.028251
5908095,1506952031.0297015
5908302,1506952091.1932683
5908572,1506952151.0275977
5908814,1506952211.1381295
5909060,1506952271.692669
5909347,1506952331.250451
5909675,1506952391.0283225
5909965,1506952451.0264313
5910250,1506952511.1940064
5910564,1506952571.13745
5910861,1506952631.1927538
5911249,1506952691.0272102
5911515,1506952751.1374717
5911776,1506952811.0268488
5912087,1506952871.0275903
5912430,1506952931.0279822
5912752,1506952991.194882
5913066,1506953051.0278463
5913341,1506953111.138555
5914869,1506953171.0831692
5915126,1506953231.0263333
5915391,1506953291.3605216
5916651,1506953351.029196
5916928,1506953411.0818632
5917213,1506953471.5834498
5917522,1506953531.0291405
5917745,1506953591.082679
5918023,1506953651.0276754
5918335,1506953711.192854
5918621,1506953771.0854743
5918922,1506953831.0270913
5919156,1506953891.0325055
5919450,1506953951.0298965
5919736,1506954011.08211
5920812,1506954071.0305884
5922175,1506954131.307565
5922418,1506954191.1399653
5931857,1506954251.1400597
5932144,1506954311.1387541
5932764,1506954371.0810318
5933097,1506954431.031327
5933436,1506954491.0268195
5933865,1506954551.0869453
5934194,1506954611.0287716
5934624,1506954671.028301
5934877,1506954731.0325267
5935180,1506954791.585823
5935464,1506954851.0846975
5936389,1506954911.0841463
5936684,1506954971.0313346
5937014,1506955031.086146
5937718,1506955091.143266
5940215,1506955151.0857735
5940492,1506955211.086624
5940791,1506955271.2517776
5941245,1506955331.1448696
5941534,1506955391.1398559
5941829,1506955451.0872898
5942206,1506955511.084662
5944241,1506955571.1970599
5944522,1506955631.0854564
5944882,1506955691.0330412
5945149,1506955751.2567794
5945427,1506955811.032345
5945754,1506955871.086824
5946020,1506955931.086655
5946322,1506955991.2512667
5946664,1506956051.0837824
5946977,1506956111.1434782
5947309,1506956171.0329921
5947564,1506956231.0306768
5947901,1506956291.029418
5948177,1506956351.2510188
5948458,1506956411.145353
5948821,1506956471.0308814
5949083,1506956531.0861106
5949313,1506956591.0338514
5949654,1506956651.0297759
5950362,1506956711.0290363
5950785,1506956771.031495
5951129,1506956831.3644497
5951427,1506956891.0339851
5951710,1506956951.085429
5952046,1506957011.1424804
5952363,1506957071.474912
5952692,1506957131.0314195
5953013,1506957191.0900826
5953350,1506957251.0877843
5953656,1506957311.0312607
5953897,1506957371.0324736
5954171,1506957431.0861528
5954488,1506957491.253691
5954874,1506957551.2530901
5955218,1506957611.3094594
5955610,1506957671.030858
5955859,1506957731.4233348
5956187,1506957791.1463485
5956501,1506957851.6445558
5956784,1506957911.0877714
5957234,1506957971.0337012
5957496,1506958031.14454
5957778,1506958091.5316556
5958429,1506958151.141226
5958837,1506958211.0878417
5959198,1506958271.031026
5959485,1506958331.1481206
5959784,1506958391.0893764
5960099,1506958451.0332146
5960480,1506958511.0316265
5960751,1506958571.14621
5961164,1506958631.08779
5961552,1506958691.0904012
5961968,1506958751.312126
5962574,1506958811.0870442
5962885,1506958871.0311432
5964418,1506958931.088693
5964755,1506958991.25364
5965080,1506959051.0880954
5965411,1506959111.5882647
5965792,1506959171.0331647
5966128,1506959231.309988
5967704,1506959291.0364797
5968033,1506959351.087792
5968364,1506959411.0312405
5968707,1506959471.530795
5969017,1506959531.0864716
5969352,1506959591.5325937
5969676,1506959651.0872998
5970040,1506959711.0341053
5970411,1506959771.036462
5970725,1506959831.4237835
5971028,1506959891.0322244
5971358,1506959951.0326948
5971632,1506960011.1429636
5971942,1506960071.030857
5972532,1506960131.0301301
5972845,1506960191.0894709
5973168,1506960251.0328155
5973824,1506960311.030316
5974287,1506960371.0887263
5974592,1506960431.1432178
5974892,1506960491.0899787
5975205,1506960551.0321171
5975531,1506960611.0881932
5975793,1506960671.3118694
5976126,1506960731.1442962
5976465,1506960791.0901763
5977036,1506960851.0322707
5977433,1506960911.3661907
5977794,1506960971.1972277
5978112,1506961031.1408296
5978429,1506961091.0878582
5978709,1506961151.0319579
5978959,1506961211.0857997
5979260,1506961271.3090332
5979606,1506961331.087822
5979961,1506961391.14124
5980421,1506961451.1424017
5980888,1506961511.1402829
5981241,1506961571.031444
5981562,1506961631.0305994
5982411,1506961691.1974607
5982785,1506961751.3667314
5983094,1506961811.1410205
5983440,1506961871.196527
5983748,1506961931.4748197
5984111,1506961991.4755673
5984412,1506962051.0872762
5985534,1506962111.0302677
5986253,1506962171.0860233
5986575,1506962231.030945
5988163,1506962291.0318656
5989046,1506962351.0851424
5989370,1506962411.0844648
5989722,1506962471.3078485
5990067,1506962531.2524452
5990377,1506962591.2506459
5990741,1506962651.140644
5991080,1506962711.0282516
5991428,1506962771.4740968
5991863,1506962831.1970973
5992172,1506962891.476698
5992571,1506962951.0871866
5992918,1506963011.2541866
5993204,1506963071.0853922
5993735,1506963131.0338106
5994048,1506963191.0880568
5994412,1506963251.0303714
5994711,1506963311.1992612
5995064,1506963371.0296364
5996134,1506963431.029355
5996462,1506963491.1413105
5996930,1506963551.0284815
5997260,1506963611.2003677
5997596,1506963671.0323923
5998197,1506963731.1960678
5998618,1506963791.084864
5999358,1506963851.2510881
5999709,1506963911.089217
6000478,1506963971.5314608
6000883,1506964031.032288
6001300,1506964091.0307498
6001673,1506964151.197302
6002010,1506964211.0858572
6002345,1506964271.0304708
6002755,1506964331.0295513
6003099,1506964391.4750507
6003458,1506964451.0297747
6004539,1506964511.0320954
6005180,1506964571.0876014
6005557,1506964631.1442254
6006090,1506964691.0312836
6006450,1506964751.0901685
6006829,1506964811.0305574
6007167,1506964871.5292225
6007478,1506964931.1421254
6007886,1506964991.0305445
6008229,1506965051.088304
6008632,1506965111.311179
6008966,1506965171.1962388
6009302,1506965231.1432524
6009676,1506965291.030026
6009971,1506965351.085795
6010292,1506965411.08598
6010606,1506965471.4748971
6010943,1506965531.0303855
6011260,1506965591.2528646
6011608,1506965651.1458468
6012095,1506965711.3629177
6014055,1506965771.3069508
6014572,1506965831.0291085
6015036,1506965891.0309143
6015515,1506965951.0289626
6015922,1506966011.0849893
6016353,1506966071.143214
6016729,1506966131.0297186
6017049,1506966191.085699
6017526,1506966251.1423647
6017835,1506966311.1961381
6018260,1506966371.2518141
6018954,1506966431.0295985
6019313,1506966491.0897288
6019585,1506966551.08763
6020302,1506966611.310945
6020652,1506966671.309825
6021047,1506966731.0887818
6021336,1506966791.1405485
6021878,1506966851.2519581
6022189,1506966911.3067813
6022683,1506966971.2525024
6023113,1506967031.0283558
6023435,1506967091.19627
6023773,1506967151.0295513
6024132,1506967211.1986086
6024504,1506967271.0371602
6024878,1506967331.0854738
6025191,1506967391.0884378
6025549,1506967451.1418731
6026108,1506967511.0305796
6027417,1506967571.0300891
6027767,1506967631.0875647
6028126,1506967691.0852578
6028576,1506967751.1409335
6029064,1506967811.0333886
6030225,1506967871.0348876
6030662,1506967931.5333295
6031072,1506967991.3654072
6031396,1506968051.0861158
6031720,1506968111.143132
6032184,1506968171.1970153
6032541,1506968231.031117
6032892,1506968291.032295
6033242,1506968351.1991472
6033537,1506968411.2547743
6033925,1506968471.142406
6034353,1506968531.029929
6034717,1506968591.029988
6035349,1506968651.141253
6035749,1506968711.0304937
6036173,1506968771.0866928
6036782,1506968831.0311291
6037191,1506968891.0309546
6037697,1506968951.1968145
6038254,1506969011.309601
6038745,1506969071.1430287
6039073,1506969131.1447384
6039410,1506969191.585902
6039773,1506969251.0337245
6040174,1506969311.1970384
6040623,1506969371.1419847
6040964,1506969431.0876346
6041413,1506969491.088896
6041822,1506969551.0340798
6042256,1506969611.0885723
6042700,1506969671.0873935
6043090,1506969731.0870886
6043606,1506969791.0320249
6044023,1506969851.1429574
6044398,1506969911.1416378
6045108,1506969971.1999104
6045644,1506970031.3669636
6046059,1506970091.085823
6046478,1506970151.1442468
6046914,1506970211.0305257
6052836,1506970271.0872245
6053248,1506970331.0869563
6053738,1506970391.2002823
6054264,1506970451.0310376
6054676,1506970511.3091366
6055071,1506970571.0328736
6055475,1506970631.5881674
6055914,1506970691.0316133
6056325,1506970751.086946
6056939,1506970811.0337183
6057430,1506970871.3095617
6057873,1506970931.0870302
6058296,1506970991.198544
6058946,1506971051.2001033
6059381,1506971111.033949
6059857,1506971171.3125217
6060709,1506971231.0394726
6061514,1506971291.1477158
6061993,1506971351.0909317
6063503,1506971411.0926638
6063947,1506971471.257316
6064424,1506971531.0922813
6065010,1506971591.036724
6065539,1506971651.0364606
6066094,1506971711.3713255
6066502,1506971771.3725648
6067018,1506971831.1516654
6067663,1506971891.2057486
6068111,1506971951.039226
6068618,1506972011.319108
6069041,1506972071.0378225
6069508,1506972131.0963566
6069953,1506972191.0946858
6070471,1506972251.0421312
6071082,1506972311.0939028
6071488,1506972371.0422518
6071980,1506972431.0417292
6072449,1506972491.0385764
6072992,1506972551.2060866
6073509,1506972611.0411026
6079150,1506972671.0952914
6079633,1506972731.041729
6080173,1506972791.0960388
6080908,1506972851.2629118
6081426,1506972911.154022
6081926,1506972971.2102644
6082414,1506973031.213278
6082920,1506973091.0415776
6083296,1506973151.3206513
6083808,1506973211.099282
6084250,1506973271.100167
6084634,1506973331.3191547
6085169,1506973391.0986865
6085584,1506973451.264954
6086058,1506973511.0440812
6093989,1506973571.1522315
6095316,1506973631.654424
6095734,1506973691.2085226
6096501,1506973751.097964
6097167,1506973811.099148
6097677,1506973871.3220162
6098170,1506973931.1003046
6098692,1506973991.099203
6099420,1506974051.0986187
6099942,1506974111.2661753
6100483,1506974171.2100756
6101061,1506974231.0447898
6101499,1506974291.0420125
6102027,1506974351.322889
6102492,1506974411.1009963
6103051,1506974471.3764968
6103522,1506974531.2102654
6104103,1506974591.2114954
6104762,1506974651.0445004
6105532,1506974711.155563
6106076,1506974771.0433
6106845,1506974831.1023016
6107450,1506974891.656747
6108163,1506974951.1025016
6108629,1506975011.155996
6110556,1506975071.0448146
6111171,1506975131.0449438
6111731,1506975191.0973089
6112213,1506975251.097926
6113019,1506975311.0407245
6113618,1506975371.2625256
6114238,1506975431.316655
6114747,1506975491.4263203
6115268,1506975551.204868
6115944,1506975611.0369425
6116598,1506975671.149662
6117189,1506975731.0404146
6117747,1506975791.0357761
6118232,1506975851.0372636
6118814,1506975911.4803765
6119365,1506975971.3689764
6119972,1506976031.260093
6120595,1506976091.369018
6121174,1506976151.0343163
6121628,1506976211.4234397
6122165,1506976271.035067
6122940,1506976331.3659468
6123496,1506976391.092741
6124074,1506976451.0322225
6124643,1506976511.034636
6125282,1506976571.0340025
6125982,1506976631.088408
6126496,1506976691.03672
6127302,1506976751.031934
6128290,1506976811.1447823
6128950,1506976871.033822
6129432,1506976931.033221
6129978,1506976991.0880096
6130632,1506977051.0354536
6131304,1506977111.2554986
6131886,1506977171.3656688
6132470,1506977231.0887372
6132980,1506977291.0334406
6133560,1506977351.0336418
6134111,1506977411.0321715
6134588,1506977471.1454172
6135302,1506977531.2014155
6135865,1506977591.033597
6136574,1506977651.031197
6137225,1506977711.1444592
6137824,1506977771.1428657
6138580,1506977831.0336955
6139351,1506977891.088008
6139978,1506977951.0335917
6140495,1506978011.1992443
6141399,1506978071.033531
6142185,1506978131.3647676
6142730,1506978191.253281
6143363,1506978251.4759479
6144066,1506978311.0888257
6144690,1506978371.0334764
6145522,1506978431.087697
6146121,1506978491.141648
6146781,1506978551.1414342
6147347,1506978611.0345235
6147966,1506978671.1985116
6148613,1506978731.0864897
6149476,1506978791.0871112
6150234,1506978851.0870695
6152234,1506978911.3666475
6152843,1506978971.257502
6153456,1506979031.0298464
6154143,1506979091.0334198
6154778,1506979151.6963034
6155340,1506979211.085954
6156053,1506979271.0275095
6156762,1506979331.1999025
6157471,1506979391.0273483
6158125,1506979451.135944
6158865,1506979511.027806
6159514,1506979571.0283918
6160361,1506979631.1357174
6161070,1506979691.2477205
6162529,1506979751.2482831
6163299,1506979811.0759134
6164003,1506979871.021323
6164666,1506979931.1876657
6165315,1506979991.0774865
6166184,1506980051.1876082
6166977,1506980111.1315765
6167786,1506980171.0751536
6168360,1506980231.0207007
6168953,1506980291.0191915
6170033,1506980351.0189223
6170686,1506980411.0156548
6171312,1506980471.4604044
6171993,1506980531.1892097
6172719,1506980591.1866577
6173518,1506980651.071191
6174449,1506980711.4056413
6175081,1506980771.1849158
6175854,1506980831.1280086
6176541,1506980891.0153039
6177268,1506980951.0157743
6177919,1506981011.07324
6178595,1506981071.0154915
6179303,1506981131.291214
6179917,1506981191.235462
6180552,1506981251.1265912
6181426,1506981311.0135472
6182104,1506981371.347989
6182660,1506981431.0711277
6183203,1506981491.402054
6183903,1506981551.3989058
6184482,1506981611.123644
6185599,1506981671.015577
6187609,1506981731.1228948
6188364,1506981791.2357762
6189074,1506981851.0137315
6189905,1506981911.120779
6190597,1506981971.0691671
6191342,1506982031.0672963
6192080,1506982091.17629
6192786,1506982151.176238
6193504,1506982211.0641506
6194140,1506982271.287177
6194910,1506982331.1782682
6195394,1506982391.175475
6196300,1506982451.0632226
6197829,1506982511.1753182
6199030,1506982571.0633492
6200918,1506982631.456592
6201632,1506982691.341409
6202253,1506982751.287795
6203094,1506982811.0641248
6203884,1506982871.1176028
6204370,1506982931.0637157
6204971,1506982991.5087848
6205841,1506983051.2859375
6207951,1506983111.2280247
6208679,1506983171.0609791
6209853,1506983231.171889
6210459,1506983291.0623074
6211107,1506983351.1238692
6211828,1506983411.0809827
6212465,1506983471.0723588
6213758,1506983531.0191371
6214613,1506983591.1964717
6215418,1506983651.0846617
6216004,1506983711.0271611
6216668,1506983771.0273154
6217400,1506983831.030194
6217927,1506983891.089537
6219710,1506983951.3652902
6220331,1506984011.255263
6221254,1506984071.1452732
6221919,1506984131.1498659
6222697,1506984191.0368342
6223535,1506984251.4250777
6224186,1506984311.4284225
6225067,1506984371.0377011
6225732,1506984431.0396264
6226628,1506984491.2103965
6227261,1506984551.153418
6228109,1506984611.0402596
6228649,1506984671.0437236
6229163,1506984731.8781617
6230290,1506984791.0414064
6230918,1506984851.151892
6231707,1506984911.156417
6232435,1506984971.099841
6233077,1506985031.044306
6233758,1506985091.1030338
6234390,1506985151.1013992
6235065,1506985211.1658633
6235952,1506985271.1591074
6236634,1506985331.1042473
6237610,1506985391.1025338
6238203,1506985451.1572104
6238776,1506985511.0440009
6239627,1506985571.2731512
6240088,1506985631.0476732
6240880,1506985691.1613612
6241766,1506985751.2157393
6242541,1506985811.1004095
6243283,1506985871.0484455
6243900,1506985931.602881
6244458,1506985991.0460413
6245100,1506986051.3806741
6245701,1506986111.103475
6246321,1506986171.1020908
6246972,1506986231.3238873
6247676,1506986291.0446165
6248405,1506986351.2155788
6249246,1506986411.0468783
6255756,1506986471.4377253
6256599,1506986531.1589925
6257476,1506986591.0477312
6258683,1506986651.159395
6259379,1506986711.049498
6260024,1506986771.047145
6260746,1506986831.1050992
6261726,1506986891.0487323
6262372,1506986951.161322
6262927,1506987011.162916
6263673,1506987071.1103394
6265510,1506987131.3831089
6266098,1506987191.0481272
6266829,1506987251.047575
6267668,1506987311.0517724
6268344,1506987371.0495214
6268942,1506987431.3275216
6269799,1506987491.158716
6270418,1506987551.0481598
6271257,1506987611.044469
6271988,1506987671.045435
6272675,1506987731.0982585
6273456,1506987791.155698
6273987,1506987851.0978134
6274736,1506987911.1585097
6275362,1506987971.0438066
6275954,1506988031.0424464
6276756,1506988091.042387
6277444,1506988151.1511836
6278720,1506988211.3198814
6279328,1506988271.156663
6280064,1506988331.0989988
6281134,1506988391.0432549
6281609,1506988451.5948315
6282954,1506988511.0990958
6283682,1506988571.094744
6284260,1506988631.0949306
6284841,1506988691.151443
6285392,1506988751.041382
6286099,1506988811.3176475
6286737,1506988871.0976074
6288181,1506988931.1543496
6288680,1506988991.0973032
6289322,1506989051.1523464
6290036,1506989111.0413778
6290719,1506989171.5415094
6291632,1506989231.09446
6292243,1506989291.150226
6293003,1506989351.3752291
6293695,1506989411.0387022
6294369,1506989471.2638946
6295106,1506989531.2612512
6296500,1506989591.040054
6297219,1506989651.155989
6297741,1506989711.0410817
6298374,1506989771.1522558
6300445,1506989831.0431242
6301017,1506989891.0375605
6301485,1506989951.4298441
6302198,1506990011.0467317
6302964,1506990071.0411947
6303513,1506990131.2056262
6304156,1506990191.040286
6304711,1506990251.093989
6305315,1506990311.151935
6305870,1506990371.150424
6306432,1506990431.0417292
6307016,1506990491.0409307
6307577,1506990551.1501727
6308145,1506990611.148112
6308812,1506990671.4336252
6309403,1506990731.2038262
6310089,1506990791.4836063
6311260,1506990851.206714
6311888,1506990911.2071106
6312571,1506990971.0940614
6313197,1506991031.6492648
6314089,1506991091.149288
6315112,1506991151.0386705
6315781,1506991211.0951579
6316590,1506991271.148914
6317204,1506991331.0954108
6317875,1506991391.0396583
6318474,1506991451.0945084
6319137,1506991511.2053814
6319950,1506991571.649801
6320569,1506991631.0397122
6321468,1506991691.1525078
6322292,1506991751.152667
6323004,1506991811.0372229
6323601,1506991871.151487
6324283,1506991931.0964742
6325681,1506991991.096155
6326213,1506992051.208301
6326798,1506992111.0454786
6327429,1506992171.040068
6327967,1506992231.0949605
6328649,1506992291.0945568
6329453,1506992351.0950184
6330173,1506992411.0391319
6330698,1506992471.1000998
6331300,1506992531.3730264
6331904,1506992591.04302
6332598,1506992651.040277
6333233,1506992711.0416598
6334070,1506992771.1704683
6334852,1506992831.152209
6335448,1506992891.2072048
6336111,1506992951.0983555
6336987,1506993011.1004195
6337763,1506993071.4323478
6338659,1506993131.0959733
6339307,1506993191.2077277
6340025,1506993251.1503277
6340691,1506993311.207174
6341330,1506993371.209924
6341904,1506993431.100247
6342639,1506993491.039595
6343349,1506993551.0405319
6343944,1506993611.0403233
6344508,1506993671.0985289
6346844,1506993731.1558168
6348317,1506993791.0428827
6348969,1506993851.2083762
6349522,1506993911.0396743
6350103,1506993971.0411487
6350764,1506994031.3250065
6351559,1506994091.0459766
6352135,1506994151.1568215
6352641,1506994211.3200457
6353195,1506994271.0444868
6353827,1506994331.2076585
6355150,1506994391.1562185
6355635,1506994451.0997393
6356344,1506994511.0417972
6356895,1506994571.4350438
6357558,1506994631.4315953
6358079,1506994691.1563172
6358780,1506994751.2676406
6359392,1506994811.2716308
6360607,1506994871.0451572
6361188,1506994931.097307
6361681,1506994991.1570718
6362406,1506995051.1010127
6363269,1506995111.1535249
6363848,1506995171.0991943
6364560,1506995231.4319215
6365234,1506995291.0975223
6365745,1506995351.0997741
6366401,1506995411.0435243
6367026,1506995471.101227
6367685,1506995531.2106369
6368307,1506995591.0431585
6368968,1506995651.0427942
6369624,1506995711.3219132
6370295,1506995771.210929
6370882,1506995831.0986416
6371486,1506995892.1525044
6372000,1506995952.0435445
6372768,1506996012.0439165
6373451,1506996072.0396311
6373997,1506996132.2076027
6374627,1506996192.7099993
6375255,1506996252.0973234
6375775,1506996312.4313352
6376375,1506996372.0436401
6377584,1506996432.156041
6378104,1506996492.0432632
6378878,1506996552.0948908
6379530,1506996612.37332
6380121,1506996672.100072
6381417,1506996732.2607503
6382194,1506996792.152115
6382761,1506996852.0942128
6383275,1506996912.2078927
6383977,1506996972.5965037
6384448,1506997032.0403955
6385317,1506997092.0958867
6386004,1506997152.261163
6386579,1506997212.594359
6387376,1506997272.0382528
6388069,1506997332.2046926
6388728,1506997392.095085
6389489,1506997452.3174217
6390022,1506997512.0387876
6390603,1506997572.0930572
6391211,1506997632.0385993
6391745,1506997692.093077
6392396,1506997752.1517751
6393013,1506997812.259494
6393631,1506997872.0376644
6394193,1506997932.0955787
6394759,1506997992.1496356
6395302,1506998052.0385907
6395933,1506998112.0401454
6396403,1506998172.0440028
6397327,1506998232.3736746
6397979,1506998292.0967739
6398685,1506998352.0939803
6399272,1506998412.0389771
6399936,1506998472.097597
6400750,1506998532.2646444
6401383,1506998592.2632434
6402092,1506998652.0393326
6402909,1506998712.0406713
6403434,1506998772.207832
6403961,1506998832.265372
6404604,1506998892.0405807
6405144,1506998952.093909
6406182,1506999012.151949
6406816,1506999072.15673
6407356,1506999132.039641
6407938,1506999192.205859
6408494,1506999252.0984712
6409255,1506999312.371866
6409786,1506999372.205061
6410550,1506999432.0980008
6411182,1506999492.0420873
6411836,1506999552.6512928
6412705,1506999612.0455942
6413363,1506999672.095478
6414010,1506999732.2651434
6415613,1506999792.2668474
6416268,1506999852.2106502
6416903,1506999912.0415392
6417435,1506999972.5425541
6417982,1507000032.1014702
6418900,1507000092.2138915
6419415,1507000152.043276
6420584,1507000212.0437317
6421103,1507000272.1020703
6421680,1507000332.2682092
6422161,1507000392.0969791
6423264,1507000452.0455809
6423780,1507000512.0997398
6424430,1507000572.3252468
6424997,1507000632.4900045
6425490,1507000692.0996158
6426121,1507000752.1566412
6426621,1507000812.0461004
6427115,1507000872.0462165
6427689,1507000932.2700527
6428278,1507000992.0454516
6429008,1507001052.3834996
6429505,1507001112.8835993
6430143,1507001172.266917
6431123,1507001232.2682016
6431610,1507001292.1579275
6432164,1507001352.2143776
6432681,1507001412.0492775
6433113,1507001472.1032517
6433800,1507001532.219156
6434246,1507001592.0495884
6434744,1507001652.1051161
6435241,1507001712.1639721
6435917,1507001772.2117803
6436384,1507001832.1061184
6436866,1507001892.0469859
6437528,1507001952.0493615
6437955,1507002012.0992682
6438793,1507002072.157666
6439270,1507002132.0982742
6439729,1507002192.043692
6440166,1507002252.3202984
6440639,1507002312.100617
6441127,1507002372.0971
6441681,1507002432.3218708
6442126,1507002492.1510437
6442651,1507002552.0440242
6443124,1507002612.154446
6443586,1507002672.0432754
6444216,1507002732.0411177
6444702,1507002792.2632184
6445231,1507002852.263976
6445757,1507002912.0954907
6446322,1507002972.0954225
6446791,1507003032.098905
6447256,1507003092.098167
6448195,1507003152.0956333
