3984881,1506744009.054671
3985529,1506744069.048989
3986461,1506744129.4387746
3987071,1506744189.104881
3987848,1506744249.1062868
3988353,1506744309.157842
3989039,1506744369.2785468
3989583,1506744429.2716944
3990276,1506744489.1611345
3991218,1506744549.0482142
3991758,1506744609.2143044
3992317,1506744669.0472152
3992928,1506744729.2141695
3993537,1506744789.1603072
3994061,1506744849.1010282
3995128,1506744909.0475154
3995602,1506744969.6039758
3996254,1506745029.1023817
3996729,1506745089.4898891
3997425,1506745149.0495589
3998522,1506745209.159944
3998942,1506745269.1056106
3999771,1506745329.379058
4000319,1506745389.2682788
4000820,1506745449.3243577
4001556,1506745509.0457714
4002187,1506745569.1024148
4002736,1506745629.2123394
4003388,1506745689.2706416
4004926,1506745749.1591773
4005576,1506745809.4362607
4006293,1506745869.7114568
4006936,1506745929.0455015
4007393,1506745989.049459
4007873,1506746049.213949
4008484,1506746109.157973
4009193,1506746169.1034617
4009863,1506746229.4894223
4010570,1506746289.213734
4011034,1506746349.1591058
4011579,1506746409.213887
4012098,1506746469.0480056
4012611,1506746529.3258836
4013399,1506746589.82403
4013982,1506746649.1072764
4014487,1506746709.0476642
4014996,1506746769.1578178
4015503,1506746829.1590955
4016052,1506746889.3254898
4016886,1506746949.2697508
4017577,1506747009.1054785
4018362,1506747069.1589415
4018808,1506747129.1589775
4019542,1506747189.0484853
4020146,1506747249.0466273
4020603,1506747309.046339
4021076,1506747369.2736769
4021517,1506747429.1605382
4022005,1506747489.1067634
4022429,1506747549.046098
4022922,1506747609.047681
4023406,1506747669.1586022
4023875,1506747729.1028697
4024679,1506747789.2159832
4025267,1506747849.162116
4025792,1506747909.2679956
4026469,1506747969.1073453
4026991,1506748029.4921436
4027432,1506748089.104934
4027988,1506748149.1057284
4028624,1506748209.04906
4029180,1506748269.1025832
4029555,1506748329.2151275
4030020,1506748389.1591976
4030819,1506748449.326517
4031319,1506748509.2716238
4034761,1506748569.3257565
4035160,1506748629.0474482
4035635,1506748689.0484498
4036034,1506748749.1608295
4036422,1506748809.216807
4036929,1506748869.1582663
4037386,1506748929.0478544
4037760,1506748989.1048331
4040288,1506749049.3270087
4040741,1506749109.6057763
4041750,1506749169.273338
4042147,1506749229.2156684
4042665,1506749289.21774
4043173,1506749349.2197227
4043629,1506749409.0506728
4044170,1506749469.0517387
4044593,1506749529.0480988
4045517,1506749589.1029549
4046106,1506749649.0480561
4046582,1506749709.65845
4046982,1506749769.216301
4047444,1506749829.2700844
4048147,1506749889.0463793
4048645,1506749949.0486438
4049334,1506750009.0477707
4049837,1506750069.0506804
4050330,1506750129.1617835
4050897,1506750189.3812692
4051289,1506750249.1623406
4051645,1506750309.0514812
4052037,1506750369.1606514
4053090,1506750429.0517144
4053516,1506750489.107219
4053993,1506750549.2181304
4054405,1506750609.1080956
4054863,1506750669.0504925
4055618,1506750729.050571
4056087,1506750789.1047966
4056515,1506750849.1620038
4057019,1506750909.0503488
4057609,1506750969.2175403
4058051,1506751029.3298926
4058482,1506751089.0517411
4058985,1506751149.1063452
4059492,1506751209.2179132
4059894,1506751269.1636622
4060411,1506751329.0517168
4061120,1506751389.1052463
4061570,1506751449.3300662
4062065,1506751509.1067505
4062567,1506751569.2751732
4062955,1506751629.0529659
4063440,1506751689.1628914
4063874,1506751749.1049948
4064255,1506751809.0543692
4064643,1506751869.2183874
4065577,1506751929.1600785
4066090,1506751989.273712
4066463,1506752049.0517528
4066978,1506752109.2745724
4067393,1506752169.1625998
4068159,1506752229.0515683
4068581,1506752289.0521696
4069011,1506752349.1112669
4069377,1506752409.2172422
4069823,1506752469.2152905
4070250,1506752529.3829248
4070626,1506752589.2163098
4071057,1506752649.051578
4071479,1506752709.1036923
4071927,1506752769.1037483
4072300,1506752829.10597
4072695,1506752889.04814
4073109,1506752949.0508049
4073507,1506753009.1596708
4074228,1506753069.5479696
4074585,1506753129.1040497
4074975,1506753189.2154477
4075359,1506753249.108603
4075841,1506753309.0478857
4076197,1506753369.048882
4076679,1506753429.1053784
4077040,1506753489.3244286
4077396,1506753549.1067398
4077795,1506753609.1624491
4078257,1506753669.0517704
4078638,1506753729.2151754
4079026,1506753789.1654549
4079522,1506753849.0474484
4079925,1506753909.1056774
4080276,1506753969.1613078
4080613,1506754029.4370205
4080931,1506754089.1045496
4081334,1506754149.2708077
4081752,1506754209.1640418
4082151,1506754269.1574183
4082729,1506754329.1033895
4083031,1506754389.1048281
4083449,1506754449.0491588
4083974,1506754509.0490897
4084792,1506754569.2174358
4085168,1506754629.0498269
4085572,1506754689.1036644
4086037,1506754749.048289
4086427,1506754809.0510585
4088074,1506754869.3248136
4088460,1506754929.271514
4088990,1506754989.1095834
4089481,1506755049.104023
4089933,1506755109.384973
4090279,1506755169.3268073
4090624,1506755229.1115441
4090968,1506755289.1595643
4091361,1506755349.0535505
4091765,1506755409.1597419
4092162,1506755469.3267899
4092512,1506755529.1616411
4092906,1506755589.0514483
4093223,1506755649.3824763
4093697,1506755709.0518491
4094041,1506755769.0551128
4094392,1506755829.3853462
4094677,1506755889.0518177
4095164,1506755949.0496373
4095459,1506756009.2201376
4095864,1506756069.273893
4096271,1506756129.3289902
4096644,1506756189.0496962
4096962,1506756249.0481496
4097262,1506756309.2721586
4097624,1506756369.3831208
4097979,1506756429.051858
4098259,1506756489.1076415
4098563,1506756549.5517647
4098815,1506756609.1078775
4099117,1506756669.4402664
4099414,1506756729.221697
4099808,1506756789.0548615
4100181,1506756849.0537694
4100436,1506756909.1651413
4100730,1506756969.0530534
4101110,1506757029.0530856
4101492,1506757089.1069343
4101722,1506757149.1636462
4101993,1506757209.1658654
4102319,1506757269.0595286
4102678,1506757329.0572846
4102929,1506757389.3310535
4103284,1506757449.2755895
4103782,1506757509.0538201
4104054,1506757569.1077793
4104377,1506757629.276668
4104768,1506757689.2750385
4105035,1506757749.2748244
4105338,1506757809.2761295
4105603,1506757869.0522532
4105941,1506757929.1082163
4106233,1506757989.1116495
4106511,1506758049.0594227
4106742,1506758109.2202709
4107040,1506758169.1656785
4107333,1506758229.1126351
4108067,1506758289.2205923
4108373,1506758349.1080797
4108722,1506758409.107762
4108996,1506758469.0525339
4109351,1506758529.107826
4109617,1506758589.2745838
4110378,1506758649.0514326
4110684,1506758709.0507903
4110907,1506758769.162699
4111169,1506758829.216299
4111404,1506758889.0499952
4111741,1506758949.0495014
4111996,1506759009.0501199
4112305,1506759069.105496
4112835,1506759129.161233
4113088,1506759189.0482132
4113340,1506759249.1596177
4113578,1506759309.0516727
4113852,1506759369.2171357
4114148,1506759429.547896
4114426,1506759489.0474403
4114710,1506759549.2146983
4114977,1506759609.0490317
4115220,1506759669.163615
4115569,1506759729.0491397
4115864,1506759789.15879
4116162,1506759849.1053722
4116428,1506759909.1057024
4116647,1506759969.1032598
4116901,1506760029.1052814
4117145,1506760089.2728703
4117398,1506760149.0469635
4117691,1506760209.1589386
4117932,1506760269.0485213
4118242,1506760329.102899
4118479,1506760389.0491443
4118714,1506760449.1101391
4118977,1506760509.2703545
4119245,1506760569.1058326
4119673,1506760629.3272052
4119964,1506760689.3282084
4120246,1506760749.0514488
4120517,1506760809.0512106
4120770,1506760869.3826175
4121033,1506760929.9369972
4121343,1506760989.1619065
4121626,1506761049.103453
4121878,1506761109.0497346
4122258,1506761169.2718828
4122532,1506761229.0515192
4122783,1506761289.1097097
4123381,1506761349.1043088
4123900,1506761409.494196
4125022,1506761469.161617
4125298,1506761529.0503047
4125625,1506761589.1599696
4126845,1506761649.0500362
4127076,1506761709.1613865
4127722,1506761769.050991
4127991,1506761829.3296123
4128642,1506761889.1076035
4128883,1506761949.0487688
4129176,1506762009.1620085
4129414,1506762069.2186532
4130359,1506762129.1610374
4130618,1506762189.3814712
4130996,1506762249.2740815
4131650,1506762309.2196083
4131991,1506762369.3291445
4135851,1506762429.1637132
4136102,1506762489.104404
4136416,1506762549.2177992
4136699,1506762609.2168975
4136995,1506762669.1067727
4137336,1506762729.1040246
4137555,1506762789.106955
4137811,1506762849.0516858
4138493,1506762909.2191093
4138736,1506762969.1626756
4138954,1506763029.6597998
4139217,1506763089.2181354
4139425,1506763149.1638868
4139652,1506763209.0533733
4139962,1506763269.2241325
4140155,1506763329.0539076
4140386,1506763389.1062264
4140587,1506763449.105334
4140844,1506763509.0508344
4141204,1506763569.2754712
4141452,1506763629.2746704
4141704,1506763689.049355
4142487,1506763749.0492332
4142736,1506763809.2743933
4142990,1506763869.0520313
4143280,1506763929.0507672
4143510,1506763989.0514638
4143848,1506764049.1058447
4144965,1506764109.0527496
4146215,1506764169.052484
4146538,1506764229.0523798
4147408,1506764289.2191298
4148402,1506764349.1080947
4149150,1506764409.1123383
4149430,1506764469.1615107
4149672,1506764529.106667
4149924,1506764589.051408
4150219,1506764649.0556118
4150472,1506764709.1068544
4150849,1506764769.0521662
4151074,1506764829.0517642
4151326,1506764889.1638355
4151584,1506764949.0526514
4151881,1506765009.059028
4152124,1506765069.052123
4152485,1506765129.1064756
4152767,1506765189.2167592
4152988,1506765249.049125
4153273,1506765309.110084
4153543,1506765369.1070402
4153770,1506765429.3853564
4154042,1506765489.1089847
4154391,1506765549.2220066
4154687,1506765609.2202423
4154919,1506765669.1054738
4156175,1506765729.553094
4156384,1506765789.0495143
4157743,1506765849.3869612
4158595,1506765909.1074533
4158853,1506765969.1643465
4159145,1506766029.274169
4159396,1506766089.3305688
4159634,1506766149.0523338
4159876,1506766209.285827
4160243,1506766269.2209582
4160552,1506766329.1640882
4160827,1506766389.1085186
4161049,1506766449.0535448
4161299,1506766509.1121335
4161519,1506766569.0527885
4161775,1506766629.0533712
4161997,1506766689.0535126
4162212,1506766749.1116304
4162781,1506766809.2199974
4163014,1506766869.0519125
4163240,1506766929.0539541
4163494,1506766989.164421
4163745,1506767049.3848436
4164027,1506767109.5550778
4164249,1506767169.0520184
4164505,1506767229.052834
4164779,1506767289.053494
4165037,1506767349.0533664
4165273,1506767409.1618924
4165732,1506767469.218755
4166009,1506767529.110882
4166292,1506767589.1686518
4166514,1506767649.1080143
4166780,1506767709.1657083
4167133,1506767769.1659796
4167388,1506767829.0544016
4167617,1506767889.0595555
4167857,1506767949.1110702
4168164,1506768009.220746
4168432,1506768069.0528698
4168699,1506768129.4400551
4168944,1506768189.221031
4169151,1506768249.2781036
4169399,1506768309.1628587
4169637,1506768369.1114156
4169869,1506768429.3882787
4170116,1506768489.2239614
4170346,1506768549.0560508
4170578,1506768609.1664546
4170837,1506768669.1112852
4171042,1506768729.0519423
4171353,1506768789.2764168
4171559,1506768849.1089768
4171820,1506768909.0546083
4172115,1506768969.0538723
4172344,1506769029.1671832
4172745,1506769089.3343647
4172969,1506769149.3363874
4173203,1506769209.2211351
4173449,1506769269.2264462
4173684,1506769329.2220166
4173911,1506769389.3321674
4174118,1506769449.0593
4174367,1506769509.0552015
4174638,1506769569.0557928
4174863,1506769629.1687906
4175788,1506769689.0567253
4176053,1506769749.2230468
4176263,1506769809.1680002
4176492,1506769869.1129913
4176723,1506769929.0565271
4176936,1506769989.4439597
4177277,1506770049.0542
4177553,1506770109.1115258
4177775,1506770169.1123652
4178003,1506770229.05373
4178239,1506770289.0542464
4178445,1506770349.1119506
4178712,1506770409.222842
4178964,1506770469.05637
4179360,1506770529.059288
4179661,1506770589.111204
4179898,1506770649.2235637
4180142,1506770709.2233024
4180417,1506770769.1689835
4180725,1506770829.0568974
4180949,1506770889.1099987
4181180,1506770949.667147
4181446,1506771009.221477
4181947,1506771069.0561843
4182235,1506771129.280101
4182522,1506771189.1102805
4182858,1506771249.1133702
4183142,1506771309.22082
4183383,1506771369.501088
4183627,1506771429.1651995
4183892,1506771489.1114652
4186262,1506771549.058367
4186547,1506771609.2788534
4186792,1506771669.112231
4187020,1506771729.1098433
4187326,1506771789.0560126
4187540,1506771849.2816348
4187857,1506771909.1658926
4188247,1506771969.110639
4188603,1506772029.058223
4188843,1506772089.3926227
4189159,1506772149.054657
4189429,1506772209.1119199
4189702,1506772269.109522
4189943,1506772329.2192266
4190311,1506772389.2795315
4190565,1506772449.2223017
4190820,1506772509.1095774
4191063,1506772569.276019
4191321,1506772629.0539963
4191620,1506772689.1670866
4191911,1506772749.0581658
4192172,1506772809.1102362
4192417,1506772869.0528214
4192696,1506772929.2777066
4192988,1506772989.1077218
4193236,1506773049.1118608
4193486,1506773109.222969
4194130,1506773169.114178
4194394,1506773229.4983318
4194615,1506773289.0571492
4194917,1506773349.1095867
4195176,1506773409.2240734
4195416,1506773469.6099184
4195670,1506773529.3341799
4195926,1506773589.33171
4196164,1506773649.2201264
4196659,1506773709.1707294
4196992,1506773769.055118
4197741,1506773829.054634
4197984,1506773889.1074493
4198228,1506773949.0543387
4198536,1506774009.220003
4198799,1506774069.222961
4199063,1506774129.0536542
4199328,1506774189.3874393
4199681,1506774249.1126294
4200156,1506774309.0518253
4200438,1506774369.665693
4200783,1506774429.059052
4200977,1506774489.1087947
4201422,1506774549.0521696
4201753,1506774609.4431767
4202006,1506774669.2183595
4202253,1506774729.2197177
4202564,1506774789.2761848
4202889,1506774849.164862
4203888,1506774909.054236
4204167,1506774969.1117904
4204427,1506775029.1671312
4204738,1506775089.0548334
4205002,1506775149.0580454
4205294,1506775209.222375
4205536,1506775269.1094584
4206004,1506775329.3317375
4206310,1506775389.055649
4206546,1506775449.3865595
4206818,1506775509.167751
4207167,1506775569.1111917
4207480,1506775629.1117806
4207823,1506775689.1129544
4208231,1506775749.1089904
4208506,1506775809.0549543
4208852,1506775869.0527127
4209235,1506775929.0568964
4209481,1506775989.0533369
4209791,1506776049.2802155
4210127,1506776109.1116507
4210410,1506776169.21948
4210698,1506776229.2766378
4211021,1506776289.0534332
4211359,1506776349.1691105
4211708,1506776409.4967752
4212027,1506776469.1125174
4212561,1506776529.052872
4212837,1506776589.6716309
4213155,1506776649.108975
4213610,1506776709.220043
4213953,1506776769.6651785
4214313,1506776829.0549417
4214680,1506776889.1084695
4214976,1506776949.2759752
4215271,1506777009.4410975
4215559,1506777069.389258
4215809,1506777129.2210047
4216173,1506777189.0537424
4216571,1506777249.3881547
4217046,1506777309.165589
4217340,1506777369.0539834
4217752,1506777429.1092346
4218014,1506777489.1092348
4220425,1506777549.1078246
4220817,1506777609.1640363
4221718,1506777669.4982977
4222274,1506777729.2199435
4222625,1506777789.3851662
4222967,1506777849.21982
4223245,1506777909.272948
4223599,1506777969.0547118
4223988,1506778029.1115272
4224350,1506778089.0511425
4224826,1506778149.2206032
4225168,1506778209.1632545
4225477,1506778269.0544004
4225823,1506778329.1076477
4226593,1506778389.054547
4226968,1506778449.2747796
4227311,1506778509.1640017
4227696,1506778569.1078131
4228302,1506778629.1620722
4228719,1506778689.0521407
4230024,1506778749.053014
4230340,1506778809.1630862
4230742,1506778869.220182
4231086,1506778929.1629107
4231359,1506778989.0561154
4231743,1506779049.056213
4232551,1506779109.0520957
4233064,1506779169.2199154
4233453,1506779229.05441
4233737,1506779289.1656961
4234526,1506779349.0575552
4234966,1506779409.0532858
4235387,1506779469.4431825
4236057,1506779529.1108913
4236532,1506779589.0556703
4237054,1506779649.3876073
4238106,1506779709.2255
4238601,1506779769.1133323
4239193,1506779829.0565214
4239936,1506779889.056274
4240290,1506779949.1088276
4240722,1506780009.2761095
4241081,1506780069.110589
4241481,1506780129.0572667
4241854,1506780189.1098077
4242187,1506780249.06115
4242911,1506780309.1694257
4243576,1506780369.1114814
4244908,1506780429.056122
4245300,1506780489.16801
4246156,1506780549.054475
4247088,1506780609.223599
4247526,1506780669.0571136
4247967,1506780729.1675124
4248529,1506780789.0601134
4248908,1506780849.166211
4249419,1506780909.5544534
4249914,1506780969.165958
4250309,1506781029.0539293
4250851,1506781089.1115363
4251248,1506781149.2767887
4251756,1506781209.1667666
4252175,1506781269.0560486
4252650,1506781329.1656654
4253611,1506781389.2209387
4253992,1506781449.055766
4254474,1506781509.058697
4254937,1506781569.0570464
4255457,1506781629.2217965
4256266,1506781689.1117432
4256677,1506781749.1095974
4257071,1506781809.0551805
4257659,1506781869.1651914
4258064,1506781929.056172
4258505,1506781989.0531285
4258916,1506782049.2246716
4259447,1506782109.1142664
4260016,1506782169.0531757
4260457,1506782229.1681879
4260893,1506782289.0556645
4261339,1506782349.0552368
4261791,1506782409.0598476
4262382,1506782469.053012
4263003,1506782529.1668372
4263816,1506782589.0569568
4264312,1506782649.0592465
4264760,1506782709.3857152
4265128,1506782769.275892
4265658,1506782829.0570695
4266394,1506782889.2760012
4270950,1506782949.1646476
4271622,1506783009.1651163
4272153,1506783069.164897
4272684,1506783129.1657128
4273479,1506783189.0573714
4275305,1506783249.111013
4276168,1506783309.1094227
4276889,1506783369.056228
4277418,1506783430.0007758
4277901,1506783490.0550725
4278497,1506783550.1114976
4279055,1506783610.1686661
4279709,1506783670.058479
4280323,1506783730.3317878
4281040,1506783790.2234113
4281585,1506783850.0538793
4282160,1506783910.167873
4282655,1506783970.3910408
4283475,1506784030.0568185
4284298,1506784090.0579104
4284799,1506784150.167894
4285395,1506784210.1694226
4287329,1506784270.2242894
4287793,1506784330.1708093
4288601,1506784390.060977
4289185,1506784450.1124976
4289741,1506784510.334793
4290190,1506784570.1133842
4290637,1506784630.0568821
4291329,1506784690.059267
4292472,1506784750.2234461
4292987,1506784810.0551531
4293572,1506784870.0560923
4294073,1506784930.169728
4294636,1506784990.1162136
4295197,1506785050.0550392
4296324,1506785110.3366745
4296887,1506785170.0560749
4297481,1506785230.1104062
4300466,1506785290.0535376
4301008,1506785350.054943
4301581,1506785410.0566869
4302126,1506785470.0556815
4302737,1506785530.167668
4303338,1506785590.061381
4303920,1506785650.2239645
4306501,1506785710.224813
4307075,1506785770.111554
4307841,1506785830.3890612
4308312,1506785890.0548644
4309034,1506785950.0540457
4313803,1506786010.2764366
4314197,1506786070.112003
4314681,1506786130.1087236
4315145,1506786190.166977
4316031,1506786250.1111033
4316563,1506786310.0556364
4317292,1506786370.054633
4317956,1506786430.111598
4318585,1506786490.1122274
4319066,1506786550.1642296
4319565,1506786610.0555894
4320114,1506786670.4426117
4320610,1506786730.168072
4321263,1506786790.0575206
4321708,1506786850.0609927
4322254,1506786910.0577044
4322781,1506786970.1091437
4323264,1506787030.113464
4323826,1506787090.220568
4324506,1506787150.0583622
4325121,1506787210.3324738
4325676,1506787270.2768757
4326191,1506787330.054163
4327051,1506787390.0623186
4328975,1506787450.1703033
4329642,1506787510.0576165
4330223,1506787570.2773132
4330846,1506787630.1123288
4331468,1506787690.0598047
4332098,1506787750.1693044
4332838,1506787810.1714804
4333483,1506787870.0562215
4334234,1506787930.1137426
4334843,1506787990.0552902
4335492,1506788050.2229133
4336241,1506788110.0562062
4337495,1506788170.1689742
4338202,1506788230.2769806
4338939,1506788290.3890283
4339483,1506788350.2248902
4340101,1506788410.2217178
4340876,1506788470.225103
4341809,1506788530.0568342
4342669,1506788590.1677532
4343760,1506788650.5038614
4344492,1506788710.055151
4345226,1506788770.1104684
4346098,1506788830.222931
4346652,1506788890.0553317
4347300,1506788950.0597625
4347931,1506789010.110983
4349237,1506789070.227324
4349733,1506789130.1691837
4350387,1506789190.057994
4350870,1506789250.1687808
4351841,1506789310.1724217
4352555,1506789370.1708236
4353175,1506789430.1116357
4353836,1506789490.1107259
4354635,1506789550.224355
4355259,1506789610.0581543
4356323,1506789670.1678104
4357074,1506789730.3902416
4357707,1506789790.1746056
4358333,1506789850.2237968
4358969,1506789910.2256265
4360182,1506789970.115632
4361098,1506790030.0577333
4361922,1506790090.5024388
4362691,1506790150.222746
4363493,1506790210.3393137
4364203,1506790270.281764
4364830,1506790330.111757
4365611,1506790390.5578046
4366332,1506790450.1178255
4366942,1506790510.4492495
4367549,1506790570.2842772
4368301,1506790630.0571938
4369418,1506790690.113367
4369999,1506790750.1702876
4370654,1506790810.2800598
4371546,1506790870.167979
4372247,1506790930.168279
4372721,1506790990.1144242
4373329,1506791050.2800136
4374163,1506791110.335264
4374750,1506791170.0572858
4375496,1506791230.3368304
4376215,1506791290.1690214
4376988,1506791350.0595927
4377681,1506791410.054874
4378401,1506791470.2773101
4379080,1506791530.1102717
4379811,1506791590.2210078
4380468,1506791650.1106598
4381109,1506791710.1106145
4381768,1506791770.1659627
4382533,1506791830.0605266
4383083,1506791890.5023293
4383808,1506791950.0565255
4384417,1506792010.2774441
4385093,1506792070.110087
4385673,1506792130.278478
4386450,1506792190.167438
4387123,1506792250.1111875
4387724,1506792310.0546687
4388629,1506792370.0533643
4392666,1506792430.1096504
4393485,1506792490.1678123
4394103,1506792550.1118357
4394770,1506792610.334614
4395713,1506792670.2253683
4398874,1506792730.060169
4399414,1506792790.0551345
4400162,1506792850.109361
4400903,1506792910.2750115
4401692,1506792970.0561202
4402438,1506793030.0561645
4403024,1506793090.171121
4403764,1506793150.6109247
4404503,1506793210.1678164
4405141,1506793270.2225137
4405667,1506793330.1115077
4406189,1506793390.1707325
4406738,1506793450.057222
4407430,1506793510.055726
4408016,1506793570.2233384
4408932,1506793630.3365202
4409643,1506793690.1146014
4410373,1506793750.1677632
4411028,1506793810.3338292
4412270,1506793870.166244
4412961,1506793930.1134098
4413818,1506793990.390717
4414757,1506794050.0568364
4415427,1506794110.1666439
4416047,1506794170.1157308
4416907,1506794230.0579276
4417902,1506794290.2237148
4420468,1506794350.0583134
4423573,1506794410.1127067
4424217,1506794470.4459074
4425147,1506794530.3350012
4426169,1506794590.16915
4427641,1506794650.2789023
4428402,1506794710.0581768
4428999,1506794770.3909469
4429704,1506794830.056748
4430385,1506794890.0577698
4431046,1506794950.388598
4431684,1506795010.05628
4433671,1506795070.4461868
4435356,1506795130.0547705
4436177,1506795190.2226853
4436699,1506795250.054894
4437446,1506795310.0562682
4438322,1506795370.0569112
4439030,1506795430.2228086
4439722,1506795490.2244775
4440592,1506795550.2227657
4441219,1506795610.2244601
4442009,1506795670.06094
4442786,1506795730.1110246
4443314,1506795790.3925915
4444285,1506795850.1670008
4450287,1506795910.1127112
4450891,1506795970.0564601
4451481,1506796030.1658275
4452336,1506796090.054918
4453064,1506796150.5003629
4453658,1506796210.2777271
4454388,1506796270.0565372
4455050,1506796330.0547147
4455697,1506796390.1656115
4456316,1506796450.2778165
4457185,1506796510.0549946
4457891,1506796570.501096
4459228,1506796630.1129456
4460097,1506796690.334043
4460926,1506796750.6130304
4461651,1506796810.1130657
4462385,1506796870.164629
4465252,1506796930.1703343
4466048,1506796990.1667073
4466811,1506797050.114073
4467691,1506797110.3326893
4468323,1506797170.0575116
4469137,1506797230.0553312
4469975,1506797290.114005
4470693,1506797350.1106086
4471515,1506797410.279516
4472215,1506797470.1685138
4472909,1506797530.388263
4473800,1506797590.4452496
4475394,1506797650.1130416
4476039,1506797710.2280006
4476719,1506797770.0569496
4477669,1506797830.2796426
4478250,1506797890.223528
4478970,1506797950.0593867
4479666,1506798010.0585122
4480583,1506798070.0592697
4481527,1506798130.0576189
4482647,1506798190.3344593
4483480,1506798250.1116045
4484018,1506798310.0577404
4484635,1506798370.167772
4485650,1506798430.1683445
4486597,1506798490.1688848
4487262,1506798550.167572
4487999,1506798610.112529
4488864,1506798670.0590246
4489574,1506798730.390946
4490825,1506798790.0628886
4492751,1506798850.0618055
4493581,1506798910.1686141
4494353,1506798970.2223759
4494925,1506799030.0607796
4497209,1506799090.3338943
4497991,1506799150.1139836
4498630,1506799210.169811
4499396,1506799270.1677387
4500086,1506799330.0573864
4500630,1506799390.1692774
4501198,1506799450.2257164
4502105,1506799510.0570862
4502689,1506799570.3895748
4503529,1506799630.4473891
4504192,1506799690.168433
4505240,1506799750.1122205
4505889,1506799810.1142135
4506530,1506799870.1759086
4507327,1506799930.061775
4507991,1506799990.2248917
4509195,1506800050.4477158
4509879,1506800110.168336
4511515,1506800170.0561109
4512110,1506800230.170771
4513205,1506800290.1702187
4515480,1506800350.055842
4516354,1506800410.0585694
4517107,1506800470.0578494
4517898,1506800530.4463787
4518887,1506800590.4435349
4519642,1506800650.1124663
4521047,1506800710.2226417
4522708,1506800770.3887706
4523725,1506800830.224491
4524502,1506800890.1672838
4525138,1506800950.112652
4526374,1506801010.2803435
4527130,1506801070.1117268
4528176,1506801130.0556493
4530091,1506801190.2780855
4530838,1506801250.0577977
4531666,1506801310.165534
4532344,1506801370.1146326
4533447,1506801430.1160905
4534719,1506801490.056622
4536088,1506801550.3337889
4536898,1506801610.1676114
4538321,1506801670.1122441
4539694,1506801730.058617
4540394,1506801790.058694
4541243,1506801850.2786043
4541915,1506801910.1698167
4543599,1506801970.1171005
4544937,1506802030.1707716
4545619,1506802090.0573983
4546306,1506802150.1147676
4547122,1506802210.3346527
4548063,1506802270.168032
4548850,1506802330.2239
4549515,1506802390.2244513
4550081,1506802450.1148298
4550837,1506802510.1711931
4551585,1506802570.1131737
4554653,1506802630.2267377
4555688,1506802690.1144373
4556429,1506802750.279552
4557327,1506802810.1162744
4559218,1506802870.1145184
4560881,1506802930.060613
4561464,1506802990.169355
4562257,1506803050.172814
4562864,1506803110.1150324
4563520,1506803170.3364272
4564306,1506803230.1148024
4565201,1506803290.1695375
4565871,1506803350.169447
4566577,1506803410.1137493
4567445,1506803470.3912058
4568117,1506803530.2241628
4569187,1506803590.2260556
4569807,1506803650.1161308
4570536,1506803710.0631435
4571502,1506803770.3364272
4572262,1506803830.4476912
4573195,1506803890.0597608
4574640,1506803950.39469
4575268,1506804010.062509
4576117,1506804070.3372977
4576752,1506804130.0609307
4577573,1506804190.0578313
4578385,1506804250.176343
4579103,1506804310.1730833
4579860,1506804370.2818096
4580600,1506804430.0610015
4581654,1506804490.3378756
4582479,1506804550.397242
4583333,1506804610.3373125
4584116,1506804670.287337
4584734,1506804730.392569
4585599,1506804790.2820373
4586267,1506804850.2277236
4587136,1506804910.060672
4587977,1506804970.2274833
4588744,1506805030.1722605
4589713,1506805090.2297273
4590368,1506805150.11401
4591402,1506805210.2256117
4593118,1506805270.060192
4593847,1506805330.1170087
4594925,1506805390.171555
4595572,1506805450.061387
4596332,1506805510.1705859
4597289,1506805570.0608084
4598050,1506805630.11469
4599220,1506805690.061004
4600028,1506805750.1720915
4600887,1506805810.1156726
4601905,1506805870.1767333
4605694,1506805930.2292993
4606457,1506805990.3377094
4607227,1506806050.1162355
4608031,1506806110.0591133
4608997,1506806170.1740918
4609870,1506806230.171303
4610674,1506806290.0599246
4611460,1506806350.1177182
4612622,1506806410.115872
4613447,1506806470.1170652
4614246,1506806530.1169844
4614919,1506806590.2265744
4615754,1506806650.283099
4616700,1506806710.1753035
4618333,1506806770.1167042
4619082,1506806830.1730702
4619795,1506806890.06171
4620361,1506806950.17195
4621351,1506807010.1169202
4622006,1506807070.1154869
4622738,1506807130.4524148
4623365,1506807190.116871
4624177,1506807250.1725433
4624888,1506807310.450923
4625609,1506807370.2271078
4626380,1506807430.0627701
4626974,1506807490.119511
4627899,1506807550.059897
4628796,1506807610.5044637
4629403,1506807670.176408
4630049,1506807730.396764
4630730,1506807790.1727767
4631375,1506807850.060836
4631958,1506807910.060623
4632566,1506807970.0612242
4633153,1506808030.0648699
4633902,1506808090.1183252
4634693,1506808150.559075
4635416,1506808210.339607
4635916,1506808270.0625203
4636692,1506808330.0620656
4637288,1506808390.0616672
4637905,1506808450.1213002
4638518,1506808510.3388948
4640094,1506808570.0626228
4640690,1506808630.0613556
4641130,1506808690.2850637
4641960,1506808750.4531102
4642774,1506808810.0605648
4643376,1506808870.1219306
4644176,1506808930.3403726
4645179,1506808990.0624719
4646260,1506809050.0628757
4647025,1506809110.2270317
4647943,1506809170.1205122
4648937,1506809230.3376157
4650915,1506809290.173127
4651658,1506809350.2326195
4652307,1506809410.3440878
4653309,1506809470.1170535
4654022,1506809530.2841733
4654781,1506809590.1752653
4655702,1506809650.2830226
4656281,1506809710.1183023
4656968,1506809770.2866607
4657765,1506809830.230967
4658283,1506809890.39821
4658809,1506809950.2892523
4659428,1506810010.2299418
4660000,1506810070.3990953
4660576,1506810130.2323143
4661659,1506810190.0689046
4662341,1506810250.3435166
4662997,1506810310.175697
4663892,1506810370.0648158
4664565,1506810430.2308092
4665260,1506810490.4542642
4666045,1506810550.2873285
4666636,1506810610.0664923
4667375,1506810670.0666544
4667987,1506810730.1202736
4668616,1506810790.231411
4672860,1506810850.0659788
4673438,1506810910.0672498
4674114,1506810970.1227582
4674788,1506811030.3439615
4675605,1506811090.1758046
4676268,1506811150.1779072
4676803,1506811210.178304
4677336,1506811270.0634277
4678728,1506811330.121283
4679378,1506811390.012377
4680040,1506811450.1216211
4680983,1506811510.0672963
4682156,1506811570.067051
4682836,1506811630.1195135
4683380,1506811690.3446145
4684229,1506811750.1765325
4684872,1506811810.1780746
4685557,1506811870.06612
4686201,1506811930.011802
4686855,1506811990.0129533
4687550,1506812050.069427
4688138,1506812110.2352164
4689273,1506812170.1787076
4689759,1506812230.123732
4690461,1506812290.1787465
4691275,1506812350.065382
4691881,1506812410.1225398
4692537,1506812470.1759117
4693246,1506812530.0098698
4693855,1506812590.3975928
4694508,1506812650.0648112
4695153,1506812710.2942812
4695932,1506812770.0133615
4696474,1506812830.1803377
4697052,1506812890.0675323
4697773,1506812950.0721729
4698289,1506813010.1224601
4699008,1506813070.2908516
4700220,1506813130.0682135
4700802,1506813190.1254725
4701437,1506813250.0711358
4702150,1506813310.1787758
4702675,1506813370.2358737
4703385,1506813430.1799107
4704038,1506813490.069628
4704749,1506813550.013187
4705361,1506813610.1230412
4705968,1506813670.0135517
4706453,1506813730.0148518
4706995,1506813790.0157623
4707658,1506813850.2918742
4708237,1506813910.123879
4708722,1506813970.0137312
4709418,1506814030.0160787
4710209,1506814090.1785064
4716457,1506814150.2917345
4717072,1506814210.1232448
4717782,1506814270.015116
4718352,1506814330.2355828
4719290,1506814390.0681107
4719967,1506814450.0670755
4720970,1506814510.0139933
4721438,1506814570.1255946
4722033,1506814630.0134385
4722526,1506814690.179305
4723343,1506814750.0709562
4723878,1506814810.0116444
4725043,1506814870.5715666
4725717,1506814930.0707784
4726422,1506814990.0680137
4726913,1506815050.124704
4727450,1506815110.0684662
4728264,1506815170.1277878
4728766,1506815230.1259
4729457,1506815290.069246
4730077,1506815350.0715952
4730608,1506815410.0133479
4731443,1506815470.45846
4732027,1506815530.179577
4732711,1506815590.2378168
4733286,1506815650.0161257
4734044,1506815710.0160046
4734752,1506815770.1237214
4735496,1506815830.015927
4736093,1506815890.4604766
4738806,1506815950.1831264
4739268,1506816010.2902372
4739868,1506816070.2965746
4740462,1506816130.1256597
4740984,1506816190.013744
4741548,1506816250.1254227
4742116,1506816310.0702217
4742709,1506816370.2950585
4743813,1506816430.0138633
4745041,1506816490.1242235
4745661,1506816550.0133893
4746194,1506816610.0695777
4746741,1506816670.0683277
4747255,1506816730.0127306
4748678,1506816790.1278734
4749673,1506816850.1281312
4750884,1506816910.0164783
4751332,1506816970.0737326
4752082,1506817030.3511066
4752528,1506817090.3484647
4754104,1506817150.0723794
4754658,1506817210.24019
4756238,1506817270.0698724
4756807,1506817330.0175712
4757309,1506817390.0161316
4757912,1506817450.1267517
4758343,1506817510.1828432
4758919,1506817570.1273072
4767971,1506817630.2413447
4768506,1506817690.0166566
4768986,1506817750.0745304
4769489,1506817810.2389073
4770488,1506817870.238533
4771188,1506817930.015261
4771815,1506817990.0762362
4772253,1506818050.1286085
4772676,1506818110.2380939
4773192,1506818170.1867416
4773658,1506818230.0732594
4774138,1506818290.0182304
4774655,1506818350.0209856
4775254,1506818410.019861
4775714,1506818470.0749626
4776112,1506818530.2974813
4776682,1506818590.0730271
4777204,1506818650.52148
4777732,1506818710.0227485
4778293,1506818770.0189583
4778692,1506818830.1309624
4779535,1506818890.075489
4780136,1506818950.0190372
4780637,1506819010.0177343
4781222,1506819070.0175655
4782471,1506819130.0754676
4782914,1506819190.296568
4783506,1506819250.2400582
4783947,1506819310.0779688
4784765,1506819370.134762
4785300,1506819430.408078
4786286,1506819490.075033
4786763,1506819550.0756843
4787256,1506819610.0217166
4787815,1506819670.0203078
4788464,1506819730.0762024
4788934,1506819790.2971766
4789414,1506819850.019263
4790281,1506819910.074835
4790816,1506819970.2617736
4791345,1506820030.0738518
4791749,1506820090.0184748
4792168,1506820150.0202782
4792755,1506820210.1866143
4793210,1506820270.1317606
4793626,1506820330.2421994
4794103,1506820390.019262
4794618,1506820450.0765784
4795241,1506820510.0757756
4796004,1506820570.0949533
4796516,1506820630.0180092
4797061,1506820690.075013
4797542,1506820750.133051
4798449,1506820810.0748124
4798875,1506820870.2989078
4799461,1506820930.0233839
4800015,1506820990.353869
4800523,1506821050.4149592
4801027,1506821110.4674466
4801575,1506821170.0218148
4802116,1506821230.0795927
4802673,1506821290.0239315
4803181,1506821350.3547046
4803649,1506821410.0265718
4804120,1506821470.080977
4804802,1506821530.3573177
4805563,1506821590.1330655
4806074,1506821650.3584208
4806913,1506821710.2476478
4807433,1506821770.245817
4807884,1506821830.1931002
4808306,1506821890.0240157
4808747,1506821950.023674
4809250,1506822010.026794
4809828,1506822070.024542
4810474,1506822130.1344936
4810944,1506822190.1938326
4811371,1506822250.0237856
4811821,1506822310.0823083
4812299,1506822370.0287077
4812758,1506822430.1382864
4813434,1506822490.0274146
4814323,1506822550.1389651
4814894,1506822610.024803
4815433,1506822670.0255837
4815953,1506822730.3632226
4816379,1506822790.24879
4817010,1506822850.0811942
4817444,1506822910.0842009
4817832,1506822970.361231
4818328,1506823030.0264828
4820968,1506823090.081518
4821403,1506823150.0269015
4821900,1506823210.3627677
4822363,1506823270.2139266
4822809,1506823330.0827577
4823292,1506823390.0312793
4823792,1506823450.0294027
4824317,1506823510.027596
4824915,1506823570.5864801
4825493,1506823630.2495236
4825928,1506823690.0295906
4826498,1506823750.0833335
4826972,1506823810.0283976
4827626,1506823870.194241
4828281,1506823930.1402302
4828851,1506823990.033313
4829471,1506824050.030272
4829922,1506824110.0303729
4830616,1506824170.0318236
4831088,1506824230.0839293
4831656,1506824290.253775
4832662,1506824350.306477
4833054,1506824410.0879025
4833583,1506824470.196866
4834174,1506824530.3635836
4834666,1506824590.0319543
4835048,1506824650.2552292
4835586,1506824710.3061376
4836059,1506824770.0314157
4836477,1506824830.0864363
4837014,1506824890.1998775
4838136,1506824950.0333436
4838647,1506825010.0858557
4839013,1506825070.1981418
4839516,1506825130.2553225
4839876,1506825190.086444
4840347,1506825250.031184
4840821,1506825310.2535365
4841510,1506825370.2577093
4841882,1506825430.091651
4842371,1506825490.090184
4842906,1506825550.0316951
4843420,1506825610.0930004
4843808,1506825670.0321865
4844226,1506825730.1431046
4844670,1506825790.0342312
4845629,1506825850.033217
4846099,1506825910.2020683
4846531,1506825970.0918264
4846970,1506826030.3655972
4847485,1506826090.0336132
4847950,1506826150.0362024
4848382,1506826210.1452782
4850266,1506826270.037916
4850734,1506826330.200423
4851085,1506826390.0360641
4851502,1506826450.145339
4852031,1506826510.0372849
4852448,1506826570.422663
4855398,1506826630.0912857
4855764,1506826690.2575145
4856217,1506826750.147449
4856680,1506826810.0358057
4857126,1506826870.0392792
4857588,1506826930.1468506
4858009,1506826990.0919619
4858741,1506827050.0384111
4859195,1506827110.373088
4859628,1506827170.315052
4860043,1506827230.0420225
4860422,1506827290.0948129
4860863,1506827350.593424
4861546,1506827410.091276
4862014,1506827470.0390837
4862569,1506827530.1475246
4863021,1506827590.0357032
4863477,1506827650.035967
4864001,1506827710.0912712
4864453,1506827770.0397816
4864852,1506827830.0394578
4865292,1506827890.1479971
4865699,1506827950.0394711
4866179,1506828010.2056146
4866549,1506828070.0922797
4866941,1506828130.0934913
4867366,1506828190.0932615
4867701,1506828250.2037413
4868198,1506828310.0953374
4868604,1506828370.2106423
4869064,1506828430.1520758
4869418,1506828490.0398417
4869916,1506828550.0406709
4870329,1506828610.09776
4871237,1506828670.0447702
4871702,1506828730.096978
4872121,1506828790.0398672
4872559,1506828850.0408762
4872979,1506828910.2068315
4873366,1506828970.4295697
4873743,1506829030.0959253
4874168,1506829090.0980794
4874687,1506829150.2093587
4875086,1506829210.1553507
4875489,1506829270.0954447
4875872,1506829330.0404942
4876275,1506829390.2650993
4876618,1506829450.0428076
4877042,1506829510.0958912
4877408,1506829570.153087
4877939,1506829630.0417597
4878806,1506829690.152604
4879352,1506829750.2100413
4879916,1506829810.042929
4880338,1506829870.267913
4880798,1506829930.1550117
4881272,1506829990.0992815
4881757,1506830050.1548018
4882339,1506830110.046287
4882804,1506830170.1006272
4883230,1506830230.432273
4883656,1506830290.1025298
4884107,1506830350.1048033
