919295,1505793644.3927228
920833,1505793706.0974183
921666,1505793766.0928245
922658,1505793826.318666
923451,1505793886.0422845
924284,1505793946.3187158
925170,1505794006.1535192
926480,1505794066.1499226
927360,1505794126.0387998
928386,1505794186.3164372
929259,1505794246.0417845
930030,1505794306.3777697
930877,1505794366.2079303
931831,1505794426.4309623
932716,1505794486.1489239
933564,1505794546.261037
934435,1505794606.1502168
935264,1505794666.094094
936099,1505794726.1499264
937241,1505794786.372815
938596,1505794846.3726664
939395,1505794906.2619264
940190,1505794966.261294
941394,1505795026.1501584
943644,1505795086.2088258
944608,1505795146.095306
945607,1505795206.094904
947372,1505795266.1499047
948253,1505795326.095527
949136,1505795386.0991704
949710,1505795446.1521714
65,1505795523.0863295
359,1505795583.0324929
871,1505795643.3086922
1425,1505795703.088183
2102,1505795763.196544
2571,1505795824.0849743
3272,1505795884.03033
3804,1505795944.2555778
4397,1505796004.031607
5010,1505796064.1439493
5625,1505796124.0308416
6287,1505796184.0860894
6851,1505796244.1982298
7622,1505796304.0299904
8261,1505796364.0312
8826,1505796424.1438172
9399,1505796484.142546
9934,1505796544.0302858
10464,1505796604.0865493
11086,1505796665.0312123
11689,1505796725.5854204
12328,1505796785.0329537
12856,1505796845.0306242
13496,1505796905.030614
14141,1505796965.0323436
14795,1505797025.1411796
15441,1505797085.1412253
16123,1505797145.3101907
16665,1505797205.0301332
17202,1505797265.1971424
17738,1505797325.1995733
18224,1505797385.144058
18761,1505797445.0890095
19362,1505797505.0334566
19916,1505797565.0874798
20601,1505797626.0861292
21248,1505797686.031512
21805,1505797746.03183
22418,1505797806.3075025
22996,1505797866.2555814
23642,1505797926.088201
24371,1505797986.1446617
24949,1505798046.3100338
25513,1505798106.3082533
26069,1505798166.1445012
26559,1505798226.0871294
27127,1505798286.0340114
27803,1505798346.1977158
28495,1505798406.0880656
29054,1505798466.0342848
29704,1505798526.1978323
30297,1505798586.0892372
30880,1505798646.0317087
31445,1505798706.0877962
32129,1505798766.1439629
32688,1505798826.088135
33166,1505798886.0352144
33763,1505798946.1448264
34645,1505799006.0347033
35292,1505799066.2533767
35930,1505799126.032145
36550,1505799186.3128963
37025,1505799246.0892215
37622,1505799306.090439
38189,1505799366.0315323
38897,1505799426.2537892
39457,1505799486.1449773
40060,1505799546.0334744
40651,1505799606.032323
41125,1505799666.2564058
41706,1505799726.0354495
42283,1505799786.0352974
42744,1505799846.1443167
43240,1505799906.03441
43729,1505799966.3685162
44306,1505800026.0336468
44967,1505800086.089214
45459,1505800146.0319602
46070,1505800206.0346172
46593,1505800266.0325253
47122,1505800326.0886886
47608,1505800386.0323381
48101,1505800446.0365412
48661,1505800506.0905018
49118,1505800566.1425433
49653,1505800626.0319054
50089,1505800686.257252
50614,1505800746.255619
51173,1505800806.6994228
51709,1505800866.4213922
52240,1505800926.1988108
52762,1505800986.089955
53302,1505801046.1989896
53925,1505801106.0316203
54474,1505801166.0325768
55025,1505801226.090351
55540,1505801286.1448553
56033,1505801346.145465
56497,1505801406.032703
56967,1505801466.0334182
57524,1505801526.090375
57974,1505801586.0336113
58406,1505801646.033894
59009,1505801706.0351005
59481,1505801766.6441815
59985,1505801826.313024
60385,1505801886.0325832
60883,1505801946.1985915
61465,1505802006.0337074
61859,1505802066.0321262
62376,1505802126.0340023
62756,1505802186.2564309
63250,1505802246.0317981
63827,1505802306.1440187
64424,1505802366.254082
64842,1505802426.0358315
65286,1505802486.087239
65919,1505802546.1465719
66408,1505802606.1991365
66797,1505802666.0885642
67239,1505802726.033088
67862,1505802786.2563727
68339,1505802846.0344129
68837,1505802906.198737
69356,1505802966.089283
69768,1505803026.2547743
70276,1505803086.0898597
70691,1505803146.142734
71308,1505803206.0899854
71717,1505803266.4242454
72268,1505803326.3134747
72656,1505803386.2570949
73108,1505803446.034233
73573,1505803506.201752
74211,1505803566.1473055
74792,1505803626.0327923
75410,1505803686.0323493
75800,1505803746.2552905
76244,1505803806.03369
76655,1505803866.2000036
77051,1505803926.3667388
77465,1505803986.199847
77914,1505804046.368698
78337,1505804106.032781
78661,1505804166.2013717
79010,1505804226.6450777
79379,1505804286.0319037
79800,1505804346.1434696
80293,1505804406.0326972
80731,1505804466.032462
81189,1505804526.0885432
81746,1505804586.4225435
82234,1505804646.033157
82903,1505804706.2562754
83341,1505804766.0340333
83905,1505804826.0878851
84334,1505804886.0903525
85140,1505804946.033006
85784,1505805006.1986318
86248,1505805066.3108537
86737,1505805126.0327048
87235,1505805186.2546725
87606,1505805246.311894
88079,1505805306.0896742
88551,1505805366.0320115
89079,1505805426.0888412
89508,1505805486.0340729
89972,1505805546.2020786
90382,1505805606.0905018
90750,1505805666.1985207
91180,1505805726.2005248
91579,1505805786.5324981
91986,1505805846.0874414
92390,1505805906.3124948
92833,1505805966.1455295
93215,1505806026.2026742
93631,1505806086.0351706
94092,1505806146.0329502
94498,1505806206.0909574
94934,1505806266.201146
95479,1505806326.3683681
95880,1505806386.0359874
96355,1505806446.200595
96746,1505806506.6433764
97121,1505806566.0881913
97556,1505806626.199542
97919,1505806686.0879176
98416,1505806746.3108492
98735,1505806806.035309
99137,1505806866.088123
99467,1505806926.0934665
99912,1505806986.310937
100304,1505807046.2012143
100663,1505807106.0327249
101124,1505807166.0335894
101489,1505807226.0333319
101860,1505807286.3682587
102209,1505807346.1436365
102703,1505807406.7022614
103045,1505807466.1455576
103403,1505807526.6437967
103828,1505807586.4229481
104153,1505807646.0916035
104612,1505807706.1443563
105029,1505807766.0921712
105410,1505807826.0336797
105771,1505807886.0344868
106102,1505807946.0911798
106602,1505808006.1440787
107027,1505808066.036351
107377,1505808126.0910242
107791,1505808186.090164
108125,1505808246.0346384
108512,1505808306.1457999
108909,1505808366.036286
109325,1505808426.036748
109728,1505808486.0886714
110135,1505808546.2557034
110490,1505808606.2022233
110787,1505808666.4797933
111112,1505808726.3106482
111424,1505808786.0360804
111748,1505808846.5355678
112048,1505808906.0348773
112360,1505808966.144487
112682,1505809026.147225
113023,1505809086.3120692
113361,1505809146.0355644
113724,1505809206.0351985
114180,1505809266.4222226
114525,1505809326.0366447
115116,1505809386.033134
115489,1505809446.2035275
115802,1505809506.424732
116110,1505809566.144022
116477,1505809626.0344565
116883,1505809686.2575815
117169,1505809746.0913959
117555,1505809806.6998477
117877,1505809866.2034514
118312,1505809926.036422
118633,1505809986.0902123
118932,1505810046.702424
119242,1505810106.036244
119594,1505810166.2585943
119903,1505810226.0894225
120216,1505810286.5337296
120551,1505810346.258057
120890,1505810406.1478744
121241,1505810466.6484303
121514,1505810526.0358262
121811,1505810586.037108
122178,1505810646.6474135
122473,1505810706.1463654
122797,1505810766.2574372
123207,1505810826.3708258
123492,1505810886.034392
123783,1505810946.0924354
124143,1505811006.2036881
124397,1505811066.2008383
124725,1505811126.1463046
124994,1505811186.090505
125277,1505811246.1462927
125541,1505811306.144811
125806,1505811366.4780595
126094,1505811426.0335395
126353,1505811486.0359478
126679,1505811546.089463
126987,1505811606.0908666
127296,1505811666.1457078
127677,1505811726.0914445
128017,1505811786.147918
128290,1505811846.0365372
128600,1505811906.090059
128929,1505811966.2030926
129252,1505812026.3142903
129548,1505812086.0353692
129804,1505812146.2561831
130074,1505812206.315036
130349,1505812266.369447
130653,1505812326.147023
130908,1505812386.0915046
131172,1505812446.036811
131429,1505812506.1473649
131764,1505812566.0915046
132058,1505812626.3693902
132398,1505812686.0926366
132650,1505812746.2036195
132894,1505812806.090217
133226,1505812866.3120446
134050,1505812926.2603111
134537,1505812986.0388117
135046,1505813046.5354302
135361,1505813106.0357428
135646,1505813166.0360274
136051,1505813226.0365062
136373,1505813286.315521
137194,1505813346.3689857
137490,1505813406.3702369
138312,1505813466.0921595
138610,1505813526.6477838
138926,1505813586.0939505
139738,1505813646.2024033
140075,1505813706.036113
140483,1505813766.1486819
140791,1505813826.203992
141046,1505813886.2032292
141268,1505813946.0929117
141553,1505814006.0376523
141789,1505814066.0364263
142123,1505814126.2043715
142433,1505814186.0917778
142755,1505814246.0376668
143074,1505814306.0359457
143326,1505814366.0363495
143546,1505814426.0384119
143853,1505814486.0938244
144124,1505814546.1458066
144396,1505814606.423967
144670,1505814666.1476097
144931,1505814726.0934827
145217,1505814786.0351217
145523,1505814846.2602928
145782,1505814906.2598426
146072,1505814966.093224
146394,1505815026.0351887
146626,1505815086.1489725
146860,1505815146.1464584
147134,1505815206.0914052
147470,1505815266.036138
147763,1505815326.4316688
148145,1505815386.3130543
148376,1505815446.091383
148637,1505815506.2025478
148895,1505815566.3155606
149170,1505815626.0372689
149480,1505815686.0366976
149771,1505815746.0368981
150158,1505815806.0371115
150458,1505815866.149099
150766,1505815926.2040744
151130,1505815986.0936608
151454,1505816046.036587
151794,1505816106.0913074
152129,1505816166.037668
152409,1505816226.1489873
152745,1505816286.0913954
153044,1505816346.2053456
153365,1505816406.0367491
153688,1505816466.3696387
153971,1505816526.0911365
154233,1505816586.258401
154533,1505816646.535552
154774,1505816706.2026043
155108,1505816766.4839263
155350,1505816826.4807374
155624,1505816886.1473246
155915,1505816946.2029994
156354,1505817006.0947323
156582,1505817066.0935752
156937,1505817126.038022
157216,1505817186.0367208
157587,1505817246.0929177
157825,1505817306.0926487
158142,1505817366.1492753
158430,1505817426.5370116
158720,1505817486.09463
159039,1505817546.204932
159323,1505817606.1486435
159710,1505817666.091822
159985,1505817726.203919
160257,1505817786.0940986
160617,1505817846.091344
160937,1505817906.1469867
161250,1505817966.2034671
161520,1505818026.2030141
161813,1505818086.091725
162097,1505818146.0918243
162340,1505818206.0953226
162672,1505818266.2610862
163077,1505818326.092338
163379,1505818386.4279072
163662,1505818446.0945
163909,1505818506.0395606
164266,1505818566.0379925
164751,1505818626.258211
165064,1505818686.3174555
165445,1505818746.0919018
165732,1505818806.0928597
166113,1505818866.4253943
166613,1505818926.0380242
166950,1505818986.0376058
167329,1505819046.1509926
167651,1505819106.372517
168038,1505819166.259504
168403,1505819226.1481707
168846,1505819286.2598526
169272,1505819346.2066257
169628,1505819406.0386841
170005,1505819466.0368712
170323,1505819526.3732693
170630,1505819586.039845
170985,1505819646.2598581
171290,1505819706.259284
171550,1505819766.317094
171928,1505819826.2059226
172252,1505819886.1486578
173022,1505819946.7063792
173357,1505820006.4282506
173750,1505820066.0370657
174181,1505820126.0920897
174574,1505820186.1515098
174963,1505820246.0926986
175274,1505820306.0390666
175625,1505820366.1480772
175965,1505820426.2595344
176308,1505820486.4281313
176748,1505820546.0365314
177156,1505820606.0919805
177659,1505820666.0397043
177989,1505820726.2025192
178306,1505820786.1504333
178696,1505820846.1498969
179213,1505820906.5382383
179583,1505820966.038406
179974,1505821026.0355668
180372,1505821086.4839659
180656,1505821146.315475
181140,1505821206.2033734
181434,1505821266.0948396
181741,1505821326.0922344
182078,1505821386.1495638
182534,1505821446.0383332
183289,1505821506.0362325
183626,1505821566.0948973
183976,1505821626.0379725
184305,1505821686.0382023
184751,1505821746.0356865
185029,1505821806.091008
185391,1505821866.0916443
185828,1505821926.09249
186187,1505821986.0949104
186558,1505822046.2028344
186893,1505822106.259364
187428,1505822166.038593
187786,1505822226.535531
188073,1505822286.2022324
188393,1505822346.4258442
188812,1505822406.0364296
189147,1505822466.0358152
189480,1505822526.2048912
189816,1505822586.980694
190152,1505822646.0392728
190529,1505822706.2035303
190850,1505822766.3694324
191169,1505822826.0944903
191450,1505822886.3171973
191816,1505822946.09193
192119,1505823006.1507928
192436,1505823066.0359867
192806,1505823126.0398145
193110,1505823186.0398211
193496,1505823246.0923624
193849,1505823306.315087
194177,1505823366.314876
194620,1505823426.0398917
195178,1505823486.0934741
195544,1505823546.7046282
195869,1505823606.0363533
196302,1505823666.1511087
196764,1505823726.0932267
197094,1505823786.2040575
197441,1505823846.2037797
197758,1505823906.0364637
198098,1505823966.1500468
198469,1505824026.03846
198847,1505824086.7050033
199211,1505824146.0947607
199623,1505824206.2035398
199971,1505824266.0392814
200420,1505824326.5369055
200869,1505824386.0368342
201290,1505824446.0919964
201702,1505824506.0369565
202182,1505824566.9845414
202711,1505824626.040266
203136,1505824686.2058308
203637,1505824746.370461
204043,1505824806.0374155
204532,1505824866.093971
204957,1505824926.0400913
205394,1505824986.0921366
205744,1505825046.4264603
206105,1505825106.3718529
206452,1505825166.03945
206875,1505825226.0956705
207184,1505825286.037151
207656,1505825346.0934656
208012,1505825406.317987
208392,1505825466.2594826
208765,1505825526.3714957
209130,1505825586.094233
209470,1505825646.4818556
209887,1505825706.0381494
210275,1505825766.0930185
210695,1505825826.2069042
211025,1505825886.0389154
211418,1505825946.3730843
211734,1505826006.0933523
212077,1505826066.0406241
212467,1505826126.2606804
212827,1505826186.0370512
213250,1505826246.1503804
213631,1505826306.0373461
213967,1505826366.0397892
214288,1505826426.1500888
214609,1505826486.0396063
215024,1505826546.095825
215334,1505826606.0396929
215671,1505826666.3180983
216100,1505826726.0952983
216389,1505826786.2067184
216723,1505826846.0397918
217081,1505826906.0945973
217662,1505826966.0390139
218109,1505827026.263211
218598,1505827086.0387938
219014,1505827146.0412672
219440,1505827206.2066095
220792,1505827266.2045379
221143,1505827326.3177722
221633,1505827386.426134
222141,1505827446.1495829
222509,1505827506.0380337
222877,1505827566.0394785
223292,1505827626.0936623
223652,1505827686.0394506
224016,1505827746.1503282
224327,1505827806.204506
224776,1505827866.03961
225184,1505827926.0955625
225646,1505827986.3188677
226024,1505828046.1516204
226574,1505828106.0931616
226876,1505828166.0416052
227375,1505828226.2058427
228336,1505828286.0410337
228750,1505828346.2042112
229242,1505828406.2058928
229630,1505828466.0964468
230090,1505828526.0958455
230506,1505828586.0387864
231049,1505828646.0384762
231613,1505828706.2630675
232031,1505828766.0405655
232437,1505828826.0384798
232833,1505828886.038167
233366,1505828946.0391665
233882,1505829006.4273443
234467,1505829066.2057753
235105,1505829126.0389936
235535,1505829186.4266958
235957,1505829246.371958
236536,1505829306.0405169
237085,1505829366.3719912
237593,1505829426.4861069
238016,1505829486.0391512
238663,1505829546.9854221
239110,1505829606.3713524
239485,1505829666.0388196
240220,1505829726.2635648
240680,1505829786.0959249
241104,1505829846.2637076
241572,1505829906.0939012
242091,1505829966.094113
242534,1505830026.204683
242981,1505830086.093451
243537,1505830146.2629154
243928,1505830206.31943
244423,1505830266.2605839
244832,1505830326.1499975
245557,1505830386.152303
245939,1505830446.0417824
246396,1505830506.0411584
247038,1505830566.4302223
247477,1505830626.2615478
248015,1505830686.0947611
248424,1505830746.0384445
249191,1505830806.0385854
249595,1505830866.0415726
250252,1505830926.2609227
250708,1505830986.0403616
251126,1505831046.0962398
251557,1505831106.0387795
251972,1505831166.0973914
252446,1505831226.0397706
253632,1505831286.1493273
254142,1505831346.0970647
254587,1505831406.096551
254975,1505831466.3755975
256148,1505831526.0387158
256728,1505831586.4289563
257153,1505831646.2645228
257611,1505831706.0414548
258033,1505831766.2621825
258599,1505831826.0943584
259074,1505831886.0402942
260063,1505831946.0945458
260505,1505832006.0383246
260972,1505832066.2080522
261487,1505832126.319038
262002,1505832186.3722084
262949,1505832246.0980408
263512,1505832306.598142
264102,1505832366.2084124
264700,1505832426.4278262
265778,1505832486.2090251
266271,1505832546.2068768
266782,1505832606.2617712
267316,1505832666.0944874
267828,1505832726.2609377
268410,1505832786.0394747
268833,1505832846.042314
269304,1505832906.0392804
269869,1505832966.0392153
270347,1505833026.0420818
270829,1505833086.0388315
271254,1505833146.372365
271878,1505833206.2076898
272384,1505833266.0410168
272796,1505833326.8182197
273350,1505833386.14931
273796,1505833446.1516275
274485,1505833506.1513245
274977,1505833566.0387769
275642,1505833626.6498299
276170,1505833686.14987
276823,1505833746.0963476
277599,1505833806.0950124
278265,1505833866.03849
278871,1505833926.4848545
279512,1505833986.3745677
280077,1505834046.3742852
280632,1505834106.0397732
281149,1505834166.373898
281712,1505834226.1493733
282131,1505834286.039841
282554,1505834346.1519544
283120,1505834406.538582
283780,1505834466.2138863
284384,1505834526.039288
284981,1505834586.0386403
285503,1505834646.0420973
286145,1505834706.1499786
286661,1505834766.0389676
287256,1505834826.1524365
288008,1505834886.374132
288553,1505834946.6513753
289105,1505835006.095936
289758,1505835066.1507854
290445,1505835126.0947914
291104,1505835186.206393
291739,1505835246.2600365
292266,1505835306.0414965
292852,1505835366.095106
293593,1505835426.2628078
294150,1505835486.0387309
295019,1505835546.2055159
295580,1505835606.2064362
296201,1505835666.0973456
296744,1505835726.1526074
297362,1505835786.0418086
298589,1505835846.2077618
299659,1505835906.0393722
300526,1505835966.2055917
301241,1505836026.041481
301871,1505836086.0379024
302567,1505836146.149107
303254,1505836206.1512415
303984,1505836266.0955389
304655,1505836326.0378013
305289,1505836386.0387979
306639,1505836446.2641768
307290,1505836506.0389621
308359,1505836566.1526465
308945,1505836626.260651
309619,1505836686.0932012
310272,1505836746.0381703
310930,1505836806.3156712
311655,1505836866.0387733
312329,1505836926.0939257
312963,1505836986.2629569
313608,1505837046.3173718
314154,1505837106.041812
314827,1505837166.0382876
315354,1505837226.206179
316167,1505837286.0399828
316681,1505837346.262264
317245,1505837406.318828
317764,1505837466.3175094
318635,1505837526.0408187
319346,1505837586.5394235
319985,1505837646.0386925
320721,1505837706.0969226
321504,1505837766.0952423
322196,1505837826.040126
322790,1505837886.0386872
323499,1505837946.0946167
324242,1505838006.3194973
324984,1505838066.0386844
325649,1505838126.097265
326389,1505838186.263385
327375,1505838246.0979762
328212,1505838306.263514
328945,1505838366.0385704
329601,1505838426.0944412
330392,1505838486.2625294
331060,1505838546.2065027
331894,1505838606.5405645
333087,1505838666.042083
333884,1505838726.0975661
334570,1505838786.1526604
335217,1505838846.0416293
335879,1505838906.0403225
336538,1505838966.1516469
337233,1505839026.316787
337884,1505839086.1541712
338660,1505839146.2057116
339307,1505839206.0400186
340437,1505839266.039962
342502,1505839326.0954723
343238,1505839386.153662
343992,1505839446.2619379
344956,1505839506.1506512
345940,1505839566.0423446
346844,1505839626.1536303
347658,1505839686.1521194
348525,1505839746.0406606
349482,1505839806.209642
350491,1505839866.0982032
351269,1505839926.0404456
352161,1505839986.3749442
353101,1505840046.0427656
354060,1505840106.2065191
355045,1505840166.0418952
356004,1505840226.0419717
356827,1505840286.3755062
357569,1505840346.09542
358499,1505840406.2621577
359357,1505840466.2621105
360324,1505840526.0424166
361765,1505840586.0951128
362588,1505840646.0420465
363326,1505840706.3210974
364219,1505840766.3195627
365150,1505840826.0397205
365925,1505840886.2646883
366895,1505840946.0417905
367698,1505841006.0433955
368572,1505841066.0407708
369341,1505841126.0986512
370076,1505841186.0404334
371085,1505841246.0424237
372269,1505841306.3185856
373125,1505841366.0431778
374119,1505841426.3739533
375207,1505841486.150768
376003,1505841546.9310682
376947,1505841606.0404975
377673,1505841666.0399568
378545,1505841726.0974894
379296,1505841786.0979934
380152,1505841846.043719
381078,1505841906.0967374
381952,1505841966.3184736
382857,1505842026.0415475
383783,1505842086.0398579
384862,1505842146.0981336
385591,1505842206.2094963
386382,1505842266.0428908
387579,1505842326.0434725
388459,1505842386.151425
389294,1505842446.5979867
390248,1505842506.0431812
391317,1505842566.2633677
392292,1505842626.2094169
393170,1505842686.262214
394089,1505842746.3755229
395159,1505842806.041804
396071,1505842866.2102487
397030,1505842926.2650187
398057,1505842986.0982833
398952,1505843046.095562
400017,1505843106.1509364
400862,1505843166.040504
401828,1505843226.1532445
402923,1505843286.8774912
403921,1505843346.3193388
404832,1505843406.0407581
405991,1505843466.0990865
406961,1505843526.1519892
407939,1505843586.041581
408829,1505843646.042743
409682,1505843706.0426419
410556,1505843766.2087646
411492,1505843826.0414393
412472,1505843886.1526432
413714,1505843946.0990746
414609,1505844006.20985
415807,1505844066.0403438
416846,1505844126.0961912
417803,1505844186.1517282
418581,1505844246.0439246
419697,1505844306.0977988
420636,1505844366.040569
421691,1505844426.2099288
422574,1505844486.0405042
423642,1505844546.0957263
424790,1505844606.0975375
425723,1505844666.2623315
426741,1505844726.2095258
427691,1505844786.2077806
428759,1505844846.154303
430206,1505844906.0398145
431193,1505844966.1528866
432438,1505845026.2098324
433363,1505845086.0408185
434709,1505845146.0406036
436003,1505845206.044189
437208,1505845266.0442832
438550,1505845326.099031
439796,1505845386.2084556
440816,1505845446.153803
441913,1505845506.3193872
442873,1505845566.0443404
443941,1505845626.0432148
445121,1505845686.0996187
446025,1505845746.042195
447257,1505845806.2096593
448183,1505845866.044579
449117,1505845926.0417862
450011,1505845986.2632823
451084,1505846046.09687
452060,1505846106.1541312
453014,1505846166.043881
454018,1505846226.6004248
454968,1505846286.3743205
456601,1505846346.264057
457764,1505846406.0425045
458734,1505846466.0414765
459878,1505846526.2117567
461675,1505846586.3783073
462711,1505846646.3197777
463797,1505846706.1007457
464803,1505846766.0979936
465929,1505846826.0414505
467168,1505846886.152447
468120,1505846946.2115598
469478,1505847006.0434031
470498,1505847066.0985727
471546,1505847126.042667
472440,1505847186.0453753
473538,1505847246.1004121
474588,1505847306.2650704
475616,1505847366.0997322
476748,1505847426.4865978
477710,1505847486.041408
479000,1505847546.0414138
480127,1505847606.0997636
481278,1505847666.0970495
482389,1505847726.1552217
483369,1505847786.20816
484393,1505847846.0427308
485383,1505847906.3758807
486713,1505847966.2081316
487785,1505848026.1004176
489053,1505848086.0431182
490054,1505848146.043783
491019,1505848206.0975661
492120,1505848266.045007
493163,1505848326.0435672
494435,1505848386.15492
495496,1505848446.2121706
496704,1505848506.2104273
497827,1505848566.1007729
499030,1505848626.1550868
500186,1505848686.041339
501367,1505848746.0443318
502689,1505848806.0993183
503997,1505848866.376995
505341,1505848926.2093544
506360,1505848986.2109146
508352,1505849046.378287
509727,1505849106.04542
511090,1505849166.1003594
512222,1505849226.098924
513536,1505849286.042044
514797,1505849346.0986369
516061,1505849406.1562948
517109,1505849466.0428505
518064,1505849526.099695
519382,1505849586.044687
520527,1505849646.0431771
521519,1505849706.157388
522642,1505849766.0436575
523929,1505849826.2099996
525039,1505849886.0438554
526159,1505849946.0452592
527397,1505850006.043829
528496,1505850066.1564538
529800,1505850126.1569195
531024,1505850186.0984979
532239,1505850246.323855
533907,1505850306.3772268
535160,1505850366.1014006
536372,1505850426.3775632
537607,1505850486.0991254
538826,1505850546.0458143
540176,1505850606.656853
541348,1505850666.101375
542595,1505850726.1009655
543754,1505850786.2114515
544838,1505850846.1024742
546066,1505850906.5452397
547217,1505850966.0995197
548442,1505851026.1017811
549728,1505851086.156721
550736,1505851146.1013932
551841,1505851206.321582
553364,1505851266.0464618
554567,1505851326.377871
556161,1505851386.0425382
557598,1505851446.0439994
558860,1505851506.4325998
560148,1505851566.209661
561491,1505851626.1010182
562550,1505851686.0433676
563802,1505851746.1004913
564960,1505851806.043715
566248,1505851866.320836
567454,1505851926.0449204
568689,1505851986.5983653
569792,1505852046.3201349
571381,1505852106.0994492
572483,1505852166.1568391
573669,1505852226.377073
574730,1505852286.155399
576154,1505852346.4866195
577416,1505852406.3202267
578499,1505852466.6561399
579753,1505852526.4340413
581067,1505852586.0431178
582334,1505852646.1009445
583540,1505852706.0989122
584675,1505852766.2098486
585946,1505852826.098707
588466,1505852886.0977676
589904,1505852946.32084
591419,1505853006.042758
592683,1505853066.1017818
594243,1505853126.6561809
595541,1505853186.0433161
596916,1505853246.098155
598414,1505853306.3788228
600137,1505853366.0992599
601624,1505853426.0458348
603081,1505853486.2650926
604418,1505853546.156767
605666,1505853606.0446928
607264,1505853666.1013346
608729,1505853726.2106755
609784,1505853786.1024995
610939,1505853846.044627
612552,1505853906.1019976
613728,1505853966.0453672
615536,1505854026.045214
616697,1505854086.100325
617997,1505854146.099359
619421,1505854206.2119493
620606,1505854266.0459676
621749,1505854326.2660544
623026,1505854386.1575541
625730,1505854446.1007776
626913,1505854506.0458496
628858,1505854566.2134376
630837,1505854626.0442214
634143,1505854686.211693
635306,1505854746.1020164
636443,1505854806.0436869
637539,1505854866.1010518
638921,1505854926.0440423
640132,1505854986.043745
641983,1505855046.0992472
643565,1505855106.0467644
644823,1505855166.2135706
646726,1505855226.1581929
647922,1505855286.2120821
649127,1505855346.0454347
650482,1505855406.380413
651582,1505855466.601898
652682,1505855526.2139907
654032,1505855586.1550694
655419,1505855646.1558526
656575,1505855706.0437436
657881,1505855766.380243
659139,1505855826.102277
660353,1505855886.045202
661610,1505855946.0440228
662638,1505856006.0463717
663657,1505856066.3805308
664768,1505856126.1007698
666045,1505856186.0471342
667112,1505856246.1580467
668663,1505856306.4884837
670089,1505856366.0477068
671278,1505856426.1566424
672441,1505856486.157016
673669,1505856546.0443213
675103,1505856606.0459905
676252,1505856666.045925
677478,1505856726.213256
678617,1505856786.433593
680085,1505856846.323431
681221,1505856906.1032317
682375,1505856966.0457246
684181,1505857026.2678735
685415,1505857086.045452
686789,1505857146.2148602
688171,1505857206.0468044
691423,1505857266.0457451
692706,1505857326.323029
694038,1505857386.157203
695482,1505857446.267193
696596,1505857506.1585119
697859,1505857566.159246
699348,1505857626.0999606
700965,1505857686.1000028
702211,1505857746.1013167
703425,1505857806.1564333
705104,1505857866.2153306
706383,1505857926.3234928
708338,1505857986.1007318
709728,1505858046.046886
710996,1505858106.212772
712126,1505858166.103597
713542,1505858226.0472746
715813,1505858286.158687
717753,1505858346.159895
718930,1505858406.0458753
720152,1505858466.0456305
721282,1505858526.1015592
722506,1505858586.0452423
723749,1505858646.1030807
725010,1505858706.0479248
726355,1505858766.1020858
727764,1505858826.1021514
728961,1505858886.0472996
730503,1505858946.2148075
731897,1505859006.0459287
733233,1505859066.046799
735122,1505859126.100807
737206,1505859186.3807328
739033,1505859246.6023502
740236,1505859306.1039007
741613,1505859366.1597383
743345,1505859426.0455418
744657,1505859486.1592653
745830,1505859546.0484743
747288,1505859606.04747
748589,1505859666.2139714
749757,1505859726.045449
751004,1505859786.1573043
752295,1505859846.0486655
753511,1505859906.0454736
754648,1505859966.268281
756089,1505860026.046172
757328,1505860086.1018803
758594,1505860146.1038418
759774,1505860206.3249457
761308,1505860266.1023672
762578,1505860326.1032157
763925,1505860386.100837
765427,1505860446.102054
766912,1505860506.1013794
768232,1505860566.2133048
771153,1505860626.1032095
772466,1505860686.103286
773567,1505860746.1030967
774651,1505860806.271013
775842,1505860866.3239894
777121,1505860926.2119455
778255,1505860986.3254645
779391,1505861046.047243
780630,1505861106.1598358
781811,1505861166.2143936
782904,1505861226.0451598
783921,1505861286.212436
785096,1505861346.1031387
786323,1505861406.2148335
787432,1505861466.324843
788547,1505861526.326244
789751,1505861586.1620085
791011,1505861646.0476265
792566,1505861706.0508082
793830,1505861766.158769
794958,1505861826.0476735
796975,1505861886.049364
798232,1505861946.1612833
799643,1505862006.327842
801118,1505862066.1620407
802299,1505862126.2152314
803496,1505862186.330076
804487,1505862246.2192936
805659,1505862306.328881
806948,1505862366.162636
808279,1505862426.107222
809476,1505862486.0500445
810576,1505862546.0511856
811669,1505862606.1086419
812832,1505862666.1084006
814042,1505862726.216093
815039,1505862786.0526168
816110,1505862846.3290663
817736,1505862906.16184
818776,1505862966.2729924
820273,1505863026.0523722
821485,1505863086.0520627
822774,1505863146.2169077
823891,1505863206.275277
825876,1505863266.1654253
826886,1505863326.1086564
828298,1505863386.1087089
829329,1505863446.0528722
830421,1505863506.050653
831634,1505863566.053984
832586,1505863626.1068513
833805,1505863686.1104095
834878,1505863746.1061473
835978,1505863806.0509262
837060,1505863866.106568
838133,1505863926.164697
839371,1505863986.1070733
841576,1505864046.1650057
842548,1505864106.0535374
843724,1505864166.0548925
845028,1505864226.2192311
845921,1505864286.1088922
847126,1505864346.2204356
848266,1505864406.3856049
850028,1505864466.3847806
851548,1505864526.1090722
852684,1505864586.052442
853829,1505864646.4440029
854987,1505864706.2750268
856517,1505864766.1640153
857571,1505864826.0005505
859366,1505864886.0543106
861492,1505864946.3307674
862649,1505865006.108022
863642,1505865066.0534267
865030,1505865126.0531235
866229,1505865186.1109114
867459,1505865246.1653984
868571,1505865306.1120148
869767,1505865366.165139
871187,1505865426.053396
872378,1505865486.2744067
873622,1505865546.1632464
874770,1505865606.1061428
875973,1505865666.051165
877643,1505865726.0007186
878627,1505865786.050354
879780,1505865846.0522542
880895,1505865907.0501776
881972,1505865967.105186
883057,1505866027.3292007
884350,1505866087.1048224
885321,1505866147.325415
886483,1505866207.159463
887547,1505866267.547007
890230,1505866327.2709987
891275,1505866387.1586738
892286,1505866447.103097
893394,1505866507.050258
894773,1505866567.1598594
895636,1505866627.1020226
896789,1505866687.04896
898047,1505866747.2136617
899052,1505866807.0475264
900066,1505866867.271689
901361,1505866927.0460317
902574,1505866987.2165244
903641,1505867047.1599123
904975,1505867107.0494654
906087,1505867167.0492334
907092,1505867227.2123575
908355,1505867287.493218
909290,1505867347.2689111
910470,1505867407.047626
911615,1505867467.379104
912585,1505867527.047847
913678,1505867587.2707028
914565,1505867647.1041589
915824,1505867707.1034684
916863,1505867767.2127962
918049,1505867827.1576927
919202,1505867887.213286
920323,1505867947.04562
921426,1505868007.104373
922500,1505868067.0471728
923677,1505868127.1029875
924657,1505868187.159854
925701,1505868247.3791435
926823,1505868307.0467222
927948,1505868367.2156386
929031,1505868427.1019099
930059,1505868487.0485744
931162,1505868547.3812125
932106,1505868607.04948
933996,1505868667.158841
935801,1505868727.3250704
937255,1505868787.2156432
938305,1505868847.102575
939191,1505868907.0476613
940317,1505868967.0460024
941264,1505869027.3263998
942253,1505869087.1049395
943252,1505869147.0454895
944530,1505869207.3792205
945670,1505869267.1602714
946590,1505869327.1591713
947521,1505869387.2718034
948556,1505869447.1587374
949606,1505869507.6046045
950666,1505869567.2131314
951427,1505869627.2705512
952440,1505869687.3256814
953327,1505869747.159523
954163,1505869807.0473104
955131,1505869867.2145557
956116,1505869927.1050265
956962,1505869987.2716417
957830,1505870047.0480738
958834,1505870107.4363577
959687,1505870167.104478
960753,1505870227.5494483
961576,1505870287.1581197
962721,1505870347.21398
963638,1505870407.0491447
964621,1505870467.0471466
965588,1505870527.2156606
966470,1505870587.2164087
967487,1505870647.0468447
968550,1505870707.0485647
969392,1505870767.0519693
970388,1505870827.158326
971761,1505870887.0466857
972797,1505870947.050488
973608,1505871007.102984
974448,1505871067.049718
975255,1505871127.1026866
976276,1505871187.0470588
977709,1505871247.0492682
978682,1505871307.4947522
979858,1505871367.2155485
980738,1505871427.3257105
981631,1505871487.1062853
982601,1505871547.3272715
983506,1505871607.2152066
984418,1505871667.0504212
985284,1505871727.1036294
986388,1505871787.1590667
987321,1505871847.2141426
988296,1505871907.1025405
989457,1505871967.1592853
990328,1505872027.1026762
991166,1505872087.1024532
993241,1505872147.047388
994738,1505872207.493695
996270,1505872267.1054323
998263,1505872327.326738
1000141,1505872387.2705994
1001724,1505872447.0481584
1004364,1505872507.6046107
1006797,1505872567.1591277
1008354,1505872627.2139323
1009499,1505872687.1025445
1011256,1505872747.1053011
1012088,1505872807.216361
1012996,1505872867.548026
1013838,1505872927.1590211
1014843,1505872987.1586704
1015909,1505873047.1025398
1016857,1505873107.1024697
1017797,1505873167.2716312
1019123,1505873227.0494137
1020016,1505873287.1594293
1021006,1505873347.2723062
1021848,1505873407.3817487
1022758,1505873467.2139997
1023781,1505873527.0473135
1024629,1505873587.2160873
1026232,1505873647.049031
1027367,1505873707.0464003
1028260,1505873767.1054738
1029214,1505873827.268989
1030081,1505873887.158445
1030857,1505873947.1587472
1032046,1505874007.217005
1032961,1505874067.1029658
1033830,1505874127.050569
1034801,1505874187.1046882
1035662,1505874247.0470514
1037130,1505874307.217213
1038464,1505874367.1581113
1039456,1505874427.0470078
1040425,1505874487.049364
1041286,1505874547.051285
1042564,1505874607.4388566
1043434,1505874667.0496707
1044314,1505874727.6056979
1045139,1505874787.1048846
1046036,1505874847.0495696
1046889,1505874907.1033106
1047687,1505874967.714785
1048669,1505875027.6584744
1049703,1505875087.0479598
1050726,1505875147.0487573
1051516,1505875207.0491917
1052318,1505875267.4927235
1053262,1505875327.0489018
1054239,1505875387.1590815
1055114,1505875447.328722
1055984,1505875507.213828
1056988,1505875567.1048396
1058699,1505875627.048575
1060005,1505875687.27208
1060769,1505875747.2145648
1061525,1505875807.2177413
1062327,1505875867.1601372
1063229,1505875927.1627982
1064167,1505875987.2709887
1065023,1505876047.1610215
1066172,1505876107.049877
1067142,1505876167.0500996
1068369,1505876227.1076052
1069354,1505876287.104588
1070474,1505876347.0510619
1071479,1505876407.2157009
1072539,1505876467.0496342
1073639,1505876527.106931
1074576,1505876587.0510635
1075360,1505876647.0499957
1076919,1505876707.3829763
1077784,1505876767.051043
1078641,1505876827.1052275
1079555,1505876887.1610599
1080464,1505876947.1601863
1081349,1505877007.3282583
1082230,1505877067.0531309
1083023,1505877127.1602345
1083990,1505877187.1073387
1084788,1505877247.2719917
1085972,1505877307.1070733
1086967,1505877367.05321
1088028,1505877427.3834372
1088925,1505877487.0514581
1090040,1505877547.4936593
1091113,1505877607.1619892
1092105,1505877667.0521185
1093012,1505877727.0494516
1094303,1505877787.552465
1095200,1505877847.2185535
1095892,1505877907.0529642
1096882,1505877967.161783
1097529,1505878027.1600225
1098345,1505878087.048371
1099247,1505878147.273036
1100079,1505878207.1052668
1100872,1505878267.051208
1102449,1505878327.1609344
1103338,1505878387.3281038
1104670,1505878447.1608868
1106308,1505878507.2707667
1107036,1505878567.0512433
1107863,1505878627.27167
1108682,1505878687.105533
1109510,1505878747.2172148
1111231,1505878807.328678
1111893,1505878867.2146854
1112877,1505878927.1619093
1113727,1505878987.439165
1114454,1505879047.4924514
1115347,1505879107.051391
1116162,1505879167.0514529
1117014,1505879227.0486853
1117833,1505879287.1612365
1118682,1505879347.0510383
1119544,1505879407.0521798
1120351,1505879467.1043518
1120934,1505879527.4939995
1121726,1505879587.106214
1122433,1505879647.0518417
1123151,1505879707.3288414
1124033,1505879767.049594
1124723,1505879827.0509117
1125475,1505879887.0491168
1126240,1505879947.159095
