1271683,1506139232.1422591
1272511,1506139292.1514764
1273325,1506139352.1441593
1274061,1506139412.1408455
1276444,1506139472.1964726
1277249,1506139532.140609
1277969,1506139592.2001224
1279074,1506139652.0844724
1279972,1506139712.3083334
1280698,1506139772.0319443
1281410,1506139832.083217
1282102,1506139892.0873246
1282791,1506139952.0861917
1283566,1506140012.5842972
1284401,1506140072.1400273
1285117,1506140132.2526493
1286043,1506140192.0316882
1286820,1506140252.1405947
1287499,1506140312.2543917
1288207,1506140372.3665524
1289258,1506140432.0848722
1289962,1506140492.0293968
1290724,1506140552.1975758
1291482,1506140612.08559
1292048,1506140672.08745
1292752,1506140732.1966946
1293570,1506140792.0301287
1294316,1506140852.3624961
1295006,1506140912.418945
1295643,1506140972.0862346
1296490,1506141032.3058507
1297215,1506141092.3628523
1298640,1506141152.2524877
1299643,1506141212.0283284
1300408,1506141272.0868776
1301101,1506141332.0305974
1301745,1506141392.9206672
1302408,1506141452.0304742
1303148,1506141512.9216626
1303861,1506141572.4185636
1304709,1506141632.088679
1305469,1506141692.1419992
1306393,1506141752.4198759
1307114,1506141812.1407857
1307764,1506141872.142115
1308542,1506141932.0300107
1309456,1506141992.363879
1310277,1506142052.0303783
1311020,1506142112.0866468
1311614,1506142172.1967976
1312292,1506142232.086837
1313315,1506142292.0319707
1314157,1506142352.0316565
1314729,1506142412.1428196
1315412,1506142472.3660157
1316096,1506142532.420162
1316813,1506142592.1438699
1317517,1506142652.2561426
1318257,1506142712.087842
1318875,1506142772.0343916
1319950,1506142832.1451533
1320656,1506142892.2546053
1321331,1506142952.0320532
1322057,1506143012.0881083
1322785,1506143072.144737
1323609,1506143132.089165
1324427,1506143192.2590618
1324994,1506143252.3117192
1325888,1506143312.0901906
1326581,1506143372.0332713
1327258,1506143432.0873895
1327968,1506143492.0900378
1328739,1506143552.255233
1329469,1506143612.0354779
1330299,1506143672.0351446
1330913,1506143732.254319
1331608,1506143792.1994288
1332399,1506143852.146852
1333019,1506143912.0891733
1333803,1506143972.1454856
1334373,1506144032.036175
1335157,1506144092.0889814
1335788,1506144152.2000406
1336502,1506144212.5932107
1337029,1506144272.2066445
1337773,1506144332.1517284
1338408,1506144392.2047784
1339072,1506144452.035974
1339680,1506144512.0350292
1340294,1506144572.205353
1341100,1506144632.2629666
1341813,1506144692.1471798
1342753,1506144752.2050946
1343355,1506144812.0590923
1343824,1506144872.593373
1344493,1506144932.0951474
1345314,1506144992.0385132
1345965,1506145052.3172102
1346605,1506145112.037481
1347295,1506145172.0953095
1347881,1506145232.0947094
1348601,1506145292.0398114
1349527,1506145352.092499
1350805,1506145412.2069426
1351421,1506145472.2052858
1352033,1506145532.039251
1352719,1506145592.151218
1353402,1506145652.2056787
1354192,1506145712.2615926
1354826,1506145772.3722324
1355600,1506145832.0397406
1356386,1506145892.2649815
1357078,1506145952.0438173
1357650,1506146012.376473
1358414,1506146072.5406134
1359059,1506146132.0389633
1359775,1506146192.1504817
1360371,1506146252.1506763
1360953,1506146312.4867058
1361530,1506146372.0401318
1362255,1506146432.0383618
1363177,1506146492.2622542
1363801,1506146552.4840443
1364456,1506146612.0394404
1365001,1506146672.3182583
1365721,1506146732.0942895
1366303,1506146792.040202
1366997,1506146852.0396209
1368506,1506146912.0388308
1369204,1506146972.1495316
1369771,1506147032.3171694
1370448,1506147092.4839702
1371070,1506147152.0393045
1371765,1506147212.1503
1372457,1506147272.096794
1373037,1506147332.0957131
1373651,1506147392.095427
1374349,1506147452.373899
1374920,1506147512.0386965
1375641,1506147572.0967999
1376253,1506147632.2047396
1377023,1506147692.0419352
1377669,1506147752.0400434
1378244,1506147812.3739057
1378897,1506147872.2062657
1379538,1506147932.0965984
1380076,1506147992.7082374
1380638,1506148052.1212175
1381198,1506148112.097837
1381663,1506148172.0396748
1382246,1506148232.3156035
1382739,1506148292.1475766
1383300,1506148352.3153508
1383864,1506148412.2037966
1384392,1506148472.0382078
1384880,1506148532.204001
1385382,1506148592.2027853
1385838,1506148652.0916793
1386648,1506148712.145198
1387324,1506148772.0387275
1387822,1506148832.2016149
1388341,1506148892.5370061
1388865,1506148952.0342884
1389668,1506149012.1486938
1390238,1506149072.034623
1390827,1506149132.0350301
1391360,1506149192.0362391
1391969,1506149252.4788976
1392448,1506149312.1498806
1393062,1506149372.4224443
1393581,1506149432.0891209
1394207,1506149492.1442463
1396795,1506149552.0901213
1397443,1506149612.1998134
1398047,1506149672.0347548
1398721,1506149732.1441517
1399368,1506149792.3104696
1400038,1506149852.0338135
1400689,1506149912.3113184
1401241,1506149972.1437821
1401827,1506150032.4821777
1402289,1506150092.089552
1402843,1506150152.0345364
1403298,1506150212.1442425
1403992,1506150272.0328512
1404525,1506150332.2548952
1404977,1506150392.3662226
1405486,1506150452.5901427
1406009,1506150512.0354102
1406462,1506150572.7555773
1407109,1506150632.2009737
1407615,1506150692.701372
1408193,1506150752.0878286
1408774,1506150812.142889
1409495,1506150872.03351
1410044,1506150932.087075
1410805,1506150992.08791
1411347,1506151052.0363748
1411897,1506151112.0332775
1412442,1506151172.0904367
1412964,1506151232.0873494
1413552,1506151292.0887015
1414088,1506151352.3644972
1414668,1506151412.1432993
1415151,1506151472.5173311
1415700,1506151532.1986837
1416222,1506151592.1428785
1416595,1506151652.031474
1417027,1506151712.030099
1417525,1506151772.1428382
1417900,1506151832.200861
1418346,1506151892.0323133
1418777,1506151952.0422122
1419299,1506152012.2012093
1419809,1506152072.0892925
1420238,1506152132.0334034
1420711,1506152192.03441
1421242,1506152252.1451852
1421681,1506152312.0871806
1422183,1506152372.2006683
1422639,1506152432.0326169
1423125,1506152492.037547
1423659,1506152552.0347164
1424149,1506152612.4257102
1424625,1506152672.0926535
1425112,1506152732.0564747
1425656,1506152792.3670104
1426170,1506152852.0902529
1426709,1506152912.3676188
1427187,1506152972.035277
1428863,1506153032.0340989
1429441,1506153092.0894902
1429884,1506153152.5917127
1430427,1506153212.3112364
1430933,1506153272.2016792
1431368,1506153332.5362012
1432370,1506153392.1442604
1433236,1506153452.2005308
1433752,1506153512.8148038
1434194,1506153572.0351708
1435619,1506153632.2562149
1436194,1506153692.758902
1436706,1506153752.036424
1437125,1506153812.2564855
1437584,1506153872.1468592
1438051,1506153932.313052
1438564,1506153992.1512513
1439056,1506154052.2568743
1439535,1506154112.1476123
1439969,1506154172.1471248
1440551,1506154232.0909162
1441070,1506154292.0926032
1441499,1506154352.035988
1441957,1506154412.0377884
1442398,1506154472.0923545
1442840,1506154532.3157606
1443281,1506154592.093695
1443749,1506154652.0931149
1444165,1506154712.037621
1444655,1506154772.0391774
1445113,1506154832.1507123
1445529,1506154892.038509
1446074,1506154952.040317
1446459,1506155012.0960383
1446846,1506155072.0944328
1447342,1506155132.151896
1447856,1506155192.3714015
1448328,1506155252.1527803
1448770,1506155312.1493022
1449216,1506155372.0396485
1449669,1506155432.0401866
1450006,1506155492.0953047
1450552,1506155552.1498525
1450933,1506155612.261291
1451350,1506155672.2029564
1451978,1506155732.0384753
1452417,1506155792.04032
1452795,1506155852.0389352
1453205,1506155912.0950878
1453719,1506155972.0430276
1454238,1506156032.0399745
1454652,1506156092.0982206
1455113,1506156152.2060792
1455536,1506156212.0966525
1456022,1506156272.0427053
1456456,1506156332.1545846
1456828,1506156392.0402377
1457252,1506156452.1526768
1457558,1506156512.0938358
1458011,1506156572.2601554
1458400,1506156632.2040534
1458841,1506156692.1473062
1459200,1506156752.3707695
1459570,1506156812.2616606
1459954,1506156872.0376146
1460319,1506156932.0921676
1460974,1506156992.0918114
1461361,1506157052.2597165
1461819,1506157112.1469543
1462164,1506157172.313368
1462592,1506157232.2028258
1462960,1506157292.202973
1463343,1506157352.0358565
1463807,1506157412.0340142
1464188,1506157472.0337427
1464585,1506157532.0356824
1464967,1506157592.590921
1465284,1506157652.4827244
1465655,1506157712.4820516
1466073,1506157772.0922914
1466594,1506157832.2047136
1467499,1506157892.3163078
1467927,1506157952.3145494
1468321,1506158012.0367036
1468751,1506158072.6467674
1469115,1506158132.3131974
1469547,1506158192.035921
1470013,1506158252.368638
1470374,1506158312.869631
1470657,1506158372.2587535
1471017,1506158432.1446214
1471350,1506158492.204759
1471782,1506158552.090813
1472045,1506158612.0340674
1472433,1506158672.2568629
1472820,1506158732.1476636
1473164,1506158792.0361862
1473490,1506158852.0352373
1473884,1506158912.0914116
1474268,1506158972.0338092
1474665,1506159032.4818714
1475062,1506159092.202298
1475474,1506159152.1487854
1475852,1506159212.1471968
1476230,1506159272.0359595
1476686,1506159332.2589142
1477128,1506159392.0372012
1477470,1506159452.1476526
1477780,1506159512.259722
1478201,1506159572.0920606
1478501,1506159632.426242
1478912,1506159692.0375578
1479316,1506159752.3161786
1479669,1506159812.0390232
1479988,1506159872.202731
1480495,1506159932.1481938
1480823,1506159992.0383995
1481188,1506160052.0370464
1481556,1506160112.0398293
1481904,1506160172.202684
1482488,1506160232.0359416
1482853,1506160292.4280958
1483193,1506160352.0361762
1483586,1506160412.0364664
1483985,1506160472.0368829
1484348,1506160532.0934741
1484849,1506160592.318282
1485263,1506160652.0374184
1485611,1506160712.3698015
1485952,1506160772.0918865
1486313,1506160832.038766
1486676,1506160892.4805822
1487101,1506160952.0356793
1487454,1506161012.091559
1487831,1506161072.0360684
1488193,1506161132.0359514
1488510,1506161192.0951986
1488850,1506161252.2066538
1489164,1506161312.0402043
1489509,1506161372.759702
1489835,1506161432.4228773
1490119,1506161492.1504133
1490785,1506161552.0366158
1491087,1506161612.0364363
1491409,1506161672.0385098
1491738,1506161732.0403264
1492073,1506161792.3140388
1492470,1506161852.0934076
1492780,1506161912.3157248
1493172,1506161972.0382764
1493514,1506162032.093719
1494812,1506162092.2058563
1495174,1506162153.7298784
1495515,1506162213.092381
1495884,1506162273.0360866
1496652,1506162333.0923114
1497042,1506162393.1467664
1497392,1506162453.260662
1497762,1506162513.5372384
1498207,1506162573.205813
1498612,1506162633.203254
1498998,1506162693.0369563
1499314,1506162753.0399508
1499683,1506162813.0399086
1500074,1506162873.1483135
1500335,1506162933.2577188
1500577,1506162993.428595
1500910,1506163053.2593532
1501275,1506163113.20439
1501586,1506163173.036768
1501958,1506163233.259923
1502260,1506163293.0383227
1502541,1506163353.0383253
1502868,1506163413.0371335
1503189,1506163473.1198487
1503582,1506163533.0371358
1503952,1506163593.214227
1504251,1506163653.2045522
1504661,1506163713.428608
1505002,1506163773.0914097
1505311,1506163833.0393124
1506481,1506163893.0379474
1506849,1506163953.2781916
1507191,1506164013.149581
1507517,1506164073.095986
1507852,1506164133.037448
1508212,1506164193.2603004
1508557,1506164253.260152
1509044,1506164313.0920088
1509326,1506164373.178071
1511026,1506164433.0919666
1511360,1506164493.2807007
1511662,1506164553.034996
1512022,1506164613.3712602
1512323,1506164673.0392165
1512660,1506164733.035561
1513021,1506164793.6134162
1513355,1506164853.037226
1513689,1506164913.2588797
1515112,1506164973.0938716
1515559,1506165033.204115
1515953,1506165093.0390491
1516283,1506165153.2602234
1516641,1506165213.0379858
1516991,1506165273.1525576
1517316,1506165333.1494923
1517719,1506165393.1514466
1518097,1506165453.095637
1518470,1506165513.1509075
1518792,1506165573.4268446
1519105,1506165633.038609
1519523,1506165693.0936253
1519879,1506165753.2040937
1520216,1506165813.2056777
1520558,1506165873.0966675
1520867,1506165933.0952713
1521145,1506165993.041057
1521466,1506166053.2059534
1521843,1506166113.0375786
1522354,1506166173.0381289
1522741,1506166233.1481886
1523061,1506166293.2601562
1523498,1506166353.2073593
1523868,1506166413.040229
1524178,1506166473.0946164
1524618,1506166533.0922134
1524991,1506166594.3968124
1525334,1506166654.2593353
1525637,1506166714.0385718
1525951,1506166774.1496153
1526206,1506166834.149261
1526656,1506166894.2060137
1526940,1506166954.1503155
1527291,1506167014.0951524
1527629,1506167074.0424297
1528036,1506167134.0425675
1528328,1506167194.2067094
1529152,1506167254.1512074
1529509,1506167314.0450847
1529880,1506167374.4332428
1530236,1506167434.1523864
1530613,1506167494.7091768
1530983,1506167554.0985758
1531282,1506167614.3193402
1531596,1506167674.0429783
1531927,1506167734.3181446
1532327,1506167794.09565
1532701,1506167854.374491
1533084,1506167914.2100248
1533513,1506167974.3760085
1533968,1506168034.1738179
1534546,1506168094.434618
1534967,1506168154.317799
1535369,1506168214.0441608
1536183,1506168274.098178
1536719,1506168334.2121446
1537131,1506168394.044947
1538216,1506168454.210681
1538548,1506168514.156761
1538890,1506168574.2114365
1539242,1506168634.098375
1539537,1506168694.0432744
1540019,1506168754.0422218
1540310,1506168814.1550407
1540724,1506168874.0441456
1541072,1506168934.0453856
1541400,1506168994.3226254
1541762,1506169054.3227968
1542038,1506169114.1562784
1542431,1506169174.4884903
1542852,1506169234.1536233
1543295,1506169294.0444286
1543667,1506169354.098545
1544223,1506169414.1576803
1544656,1506169474.3769794
1545109,1506169534.097807
1545531,1506169594.4331005
1546024,1506169654.1572595
1546507,1506169714.102318
1546959,1506169774.0988472
1547554,1506169834.4877765
1547942,1506169894.2136111
1548378,1506169954.0487785
1550186,1506170014.0457788
1550580,1506170074.044433
1551027,1506170134.2095568
1551476,1506170194.7110693
1552276,1506170254.0460305
1552696,1506170314.100485
1553167,1506170374.0483563
1553611,1506170434.3235726
1553974,1506170494.101173
1554356,1506170554.1046324
1554680,1506170614.1031537
1555143,1506170674.1574173
1555526,1506170734.102302
1556003,1506170794.1562011
1556363,1506170854.3771749
1556845,1506170914.0966394
1557309,1506170974.1526792
1557782,1506171034.4869075
1558323,1506171094.0394545
1558865,1506171154.0398715
1559290,1506171214.041947
1559709,1506171274.0969234
1560222,1506171334.0411785
1560671,1506171394.0408738
1561145,1506171454.0945559
1561616,1506171514.2235618
1562079,1506171574.0913134
1562527,1506171634.3166318
1563052,1506171694.0937903
1564511,1506171754.1512163
1564977,1506171814.0383394
1565505,1506171874.0918636
1565919,1506171934.26187
1566323,1506171994.1490703
1566835,1506172054.260166
1567292,1506172114.2574694
1567854,1506172174.4237049
1568247,1506172234.0899353
1568749,1506172294.2573328
1569131,1506172354.0356405
1569643,1506172414.0892577
1570198,1506172474.200024
1570729,1506172534.0331075
1571228,1506172594.146181
1571620,1506172654.0902019
1572228,1506172714.146314
1572665,1506172774.0902328
1573223,1506172834.0378258
1573685,1506172894.034072
1574260,1506172954.3679826
1574758,1506173014.2597826
1575194,1506173074.0920713
1575682,1506173134.0382671
1576243,1506173194.0925806
1576795,1506173254.0372663
1577319,1506173314.146516
1577903,1506173374.1488292
1578892,1506173434.038264
1579460,1506173494.3705058
1580593,1506173554.0922875
1581129,1506173614.0358293
1581794,1506173674.0372312
1582891,1506173734.3706262
1583354,1506173794.0391366
1583816,1506173854.0929165
1584413,1506173914.091318
1584918,1506173974.0926206
1585543,1506174034.0932133
1586203,1506174094.367587
1586811,1506174154.148944
1589135,1506174214.2595792
1591072,1506174274.035957
1591673,1506174334.093065
1592161,1506174394.3139749
1592925,1506174454.0358644
1598102,1506174514.0372643
1598764,1506174574.036542
1601822,1506174634.0399752
1603492,1506174694.1469448
1604628,1506174754.3682702
1606395,1506174814.0916858
1607026,1506174874.0345998
1607628,1506174934.1492336
1608355,1506174994.0944352
1609299,1506175054.0381215
1610020,1506175114.1496446
1614390,1506175174.03632
1616213,1506175234.2607236
1617891,1506175294.0931692
1619387,1506175354.0917046
1619870,1506175414.0917563
1620393,1506175474.0918403
1623041,1506175534.1592453
1625622,1506175594.148034
1629976,1506175654.0395312
1630988,1506175714.0361598
1631678,1506175774.1459718
1632342,1506175834.3141015
1634644,1506175894.195271
1635358,1506175954.0938697
1638121,1506176014.091031
1639606,1506176074.0361416
1643390,1506176134.1486332
1646965,1506176194.0372589
1647568,1506176254.3171475
1648359,1506176314.0370777
1649137,1506176374.3154297
1649975,1506176434.2577353
1650632,1506176494.259707
1651337,1506176554.425885
1652100,1506176614.0372562
1652713,1506176674.034802
1653574,1506176734.2034059
1654173,1506176794.1461918
1655041,1506176854.6467667
1656521,1506176914.428898
1657335,1506176974.205189
1658534,1506177034.0941355
1659279,1506177094.4823647
1660107,1506177154.2036018
1664304,1506177214.093832
1665141,1506177274.046395
1665866,1506177334.3208988
1667040,1506177394.2071877
1667861,1506177454.0960257
1668617,1506177514.096908
1669354,1506177574.0418863
1670064,1506177634.2649183
1670722,1506177694.1494608
1674199,1506177754.152456
1674847,1506177814.1530335
1675600,1506177874.095992
1676376,1506177934.151711
1677357,1506177994.040561
1679932,1506178054.2091486
1680768,1506178114.2654798
1681498,1506178174.098376
1682164,1506178234.3201895
1682833,1506178294.0419917
1683609,1506178354.8192992
1684429,1506178414.040507
1685147,1506178474.1536214
1685970,1506178534.040984
1686761,1506178594.0433612
1687557,1506178654.3766806
1688552,1506178714.0416515
1692284,1506178774.0997062
1693045,1506178834.210892
1694356,1506178894.0417206
1696136,1506178954.151287
1700781,1506179014.0449333
1702311,1506179074.0422382
1703350,1506179134.0423522
1705625,1506179194.0426912
1706595,1506179254.2648895
1707550,1506179314.1515024
1709708,1506179374.3213878
1711288,1506179434.0450838
1712295,1506179494.096679
1713333,1506179554.0980465
1714219,1506179614.0434213
1715059,1506179674.431178
1715931,1506179734.2696788
1716836,1506179794.1536753
1718029,1506179854.1518562
1718869,1506179914.0448349
1719734,1506179974.5995946
1720638,1506180034.1532874
1722778,1506180094.1532059
1723641,1506180154.0412703
1724610,1506180214.0442233
1726389,1506180274.5437684
1727326,1506180334.0440376
1729211,1506180394.0424247
1730058,1506180454.042301
1731545,1506180514.1544197
1732757,1506180574.1520338
1733857,1506180634.321512
1734802,1506180694.2112226
1735782,1506180754.0411596
1736661,1506180814.0423527
1737677,1506180874.098061
1738974,1506180934.0984583
1740241,1506180994.0423455
1741217,1506181054.0400522
1742219,1506181114.2076876
1743034,1506181174.538497
1744050,1506181234.1016889
1744892,1506181294.431593
1745821,1506181354.247959
1746817,1506181414.0413845
1747806,1506181474.1527016
1748773,1506181534.2086625
1749939,1506181594.2060032
1751084,1506181654.5950918
1752576,1506181714.261606
1753695,1506181774.0409846
1754861,1506181834.150263
1756050,1506181894.0408425
1757322,1506181954.094263
1758514,1506182014.0931711
1759494,1506182074.1493328
1760555,1506182134.0382612
1761470,1506182194.1506274
1762515,1506182254.0921638
1763453,1506182314.149762
1764423,1506182374.0929923
1765466,1506182434.0469499
1766225,1506182494.3692873
1767366,1506182554.2604244
1768380,1506182614.0942054
1769580,1506182674.2032013
1770664,1506182734.036502
1772511,1506182794.2030356
1773525,1506182854.03759
1774438,1506182914.2043118
1775420,1506182974.148709
1777003,1506183034.0933797
1778079,1506183094.0925426
1779081,1506183154.4838395
1780111,1506183214.1520922
1781158,1506183274.1502793
1782244,1506183334.9291184
1783374,1506183394.0417447
1784166,1506183454.2617536
1785079,1506183514.096669
1785992,1506183574.0405197
1787045,1506183634.038817
1788113,1506183694.0951557
1789703,1506183754.1502907
1790653,1506183814.0390875
1791781,1506183874.039542
1792986,1506183934.263333
1794071,1506183994.1518724
1795046,1506184054.3728807
1796420,1506184114.3740823
1797551,1506184174.0400372
1798563,1506184234.0953157
1799697,1506184294.0408838
1801125,1506184354.0409098
1802661,1506184414.2103384
1803836,1506184474.1504302
1804690,1506184534.0401044
1805662,1506184594.038531
1806641,1506184654.040569
1807611,1506184714.0981438
1808796,1506184774.0413392
1809841,1506184834.0966547
1811196,1506184894.0378976
1812135,1506184954.0422935
1813474,1506185014.3713813
1814363,1506185074.094648
1815412,1506185134.4833264
1816551,1506185194.0419729
1817946,1506185254.0391066
1819048,1506185314.0944607
1820125,1506185374.0413237
1821210,1506185434.2651567
1822588,1506185494.26432
1824162,1506185554.0955307
1825108,1506185614.20681
1826535,1506185674.3734653
1827539,1506185734.098455
1828683,1506185794.0417802
1829798,1506185854.3754277
1831208,1506185914.2653856
1832218,1506185974.264821
1833482,1506186034.0882561
1835620,1506186094.876371
1837271,1506186154.0979571
1838413,1506186214.0407608
1839514,1506186274.0962498
1840828,1506186334.264196
1841984,1506186394.096566
1842931,1506186454.0417578
1844032,1506186514.0420709
1845094,1506186574.210421
1846293,1506186634.151493
1847471,1506186694.0399394
1848744,1506186754.3174965
1849821,1506186814.1532652
1851019,1506186874.154625
1852103,1506186934.0982153
1853534,1506186994.0966067
1854745,1506187054.042245
1856246,1506187114.0418806
1857537,1506187174.040972
1858954,1506187234.041824
1860439,1506187294.151859
1861622,1506187354.0588841
1862831,1506187414.1517503
1867935,1506187474.1001985
1869330,1506187534.095423
1870985,1506187594.0989377
1872161,1506187654.0424352
1873319,1506187714.2645802
1874494,1506187774.0404377
1875703,1506187834.0975175
1876848,1506187894.0402834
1877972,1506187954.3055568
1879085,1506188014.153225
1880440,1506188074.0435905
1881617,1506188134.150766
1882829,1506188194.1524587
1884386,1506188254.0962791
1885465,1506188314.0396054
1886877,1506188374.0401363
1887891,1506188434.3212335
1889136,1506188494.040672
1890340,1506188554.096884
1891605,1506188614.0411952
1892820,1506188674.151997
1893926,1506188734.0411289
1895144,1506188794.319384
1896139,1506188854.0422726
1897540,1506188914.0438418
1898761,1506188974.0984602
1899956,1506189034.4300122
1901426,1506189094.042861
1903101,1506189154.428922
1904194,1506189214.373454
1905647,1506189274.0421271
1906908,1506189334.3186388
1907988,1506189394.0972764
1909488,1506189454.2648525
1910951,1506189514.376289
1912151,1506189574.3749573
1913139,1506189634.153757
1914755,1506189694.3188694
1916135,1506189754.0934994
1917299,1506189814.2089474
1918519,1506189874.2081432
1919832,1506189934.3727543
1921433,1506189994.0957286
1922848,1506190054.3188372
1926611,1506190114.1507556
1928212,1506190174.209417
1929671,1506190234.1529562
1931754,1506190294.0393512
1932991,1506190354.2601933
1934121,1506190414.0419967
1935301,1506190474.1522558
1936583,1506190534.3758612
1938485,1506190594.3725743
1939964,1506190654.0981197
1941249,1506190714.2609818
1942428,1506190774.0946696
1943496,1506190834.0938237
1944865,1506190894.4866562
1946188,1506190954.0962706
1948488,1506191014.0393786
1949692,1506191074.0952325
1951332,1506191134.0956175
1953062,1506191194.0976455
1954968,1506191254.0410664
1956743,1506191314.0958004
1958221,1506191374.150681
1959662,1506191434.0995715
1961265,1506191494.2646823
1962723,1506191554.540726
1964117,1506191614.3769057
1966400,1506191674.2088065
1967855,1506191734.041727
1969854,1506191794.267128
1973029,1506191854.0989137
1974357,1506191914.1011279
1975881,1506191974.042063
1977065,1506192034.3200433
1978400,1506192094.1536114
1979809,1506192154.110115
1981125,1506192214.3232944
1982681,1506192274.0988193
1984203,1506192334.155706
1985821,1506192394.5987096
1987513,1506192454.0792346
1989156,1506192514.0975535
1991028,1506192574.0439196
1992359,1506192634.2083523
1993567,1506192694.1555576
1994634,1506192754.044191
1995684,1506192814.0980093
1997098,1506192874.154269
1998473,1506192934.1534476
1999722,1506192994.1546738
2000847,1506193054.1562774
2001980,1506193114.1010828
2003159,1506193174.0986643
2004465,1506193234.154632
2005892,1506193294.1540031
2007030,1506193354.0973792
2008233,1506193414.210128
2009403,1506193474.0960813
2010766,1506193534.099573
2012625,1506193594.2103057
2013741,1506193654.04411
2015078,1506193714.3238227
2016517,1506193774.0420442
2017940,1506193834.1560798
2019326,1506193894.045544
2020763,1506193954.15585
2022627,1506194014.3203557
2024023,1506194074.2113273
2025245,1506194134.0413506
2026527,1506194194.101252
2028130,1506194254.4912605
2029273,1506194314.3789032
2031198,1506194374.040378
2033286,1506194434.1733747
2034447,1506194494.0389614
2035877,1506194554.1505349
2037172,1506194614.4839256
2038786,1506194674.0971792
2040438,1506194734.1506681
2042424,1506194794.0394466
2043857,1506194854.0974164
2045140,1506194914.0626671
2046770,1506194974.0988765
2049298,1506195034.150764
2050745,1506195094.4860814
2052137,1506195154.485758
2053760,1506195214.0402436
2055282,1506195274.0979004
2057148,1506195334.0411987
2059128,1506195394.0451453
2060259,1506195454.0405931
2061528,1506195514.2082746
2063285,1506195574.0425627
2064549,1506195634.0414796
2065820,1506195694.042586
2067023,1506195754.0967777
2068738,1506195814.097054
2070652,1506195874.0422428
2072311,1506195934.2087972
2074066,1506195994.0436146
2076070,1506196054.0416224
2077855,1506196114.0421777
2079258,1506196174.0439186
2081063,1506196234.1535661
2082672,1506196294.1530368
2084169,1506196354.3211682
2085615,1506196414.0432158
2087076,1506196474.0580628
2088699,1506196534.0435987
2090219,1506196594.0428784
2091778,1506196654.156276
2093380,1506196714.598714
2095231,1506196774.0995276
2097081,1506196834.098523
2098577,1506196894.098024
2099833,1506196954.3201127
2101418,1506197014.2103765
2102925,1506197074.209849
2104272,1506197134.045745
2105710,1506197194.0439384
2107382,1506197254.0432389
2109201,1506197314.1539335
2111365,1506197374.2659895
2112976,1506197434.2099173
2114420,1506197494.0985653
2115797,1506197554.7125485
2117569,1506197614.0407028
2119146,1506197674.0429897
2120712,1506197734.097371
2122081,1506197794.0966542
2123601,1506197854.1509728
2124966,1506197914.0473862
2126466,1506197974.0409954
2127798,1506198034.039558
2129386,1506198094.0972846
2131052,1506198154.153447
2132510,1506198214.2058208
2134459,1506198274.0952444
2136201,1506198334.039013
2137480,1506198394.0431802
2138787,1506198454.2648468
2140263,1506198514.041949
2142109,1506198574.0415747
2143651,1506198634.207731
2145250,1506198694.0413795
2146827,1506198754.0422807
2148259,1506198814.37471
2149597,1506198874.2089014
2151062,1506198934.0970829
2152494,1506198994.094655
2153882,1506199054.153563
2155347,1506199114.153324
2156822,1506199174.096779
2158216,1506199234.0398664
2159891,1506199294.0408967
2161413,1506199354.1523545
2162903,1506199414.0419686
2164555,1506199474.039883
2165866,1506199534.4326339
2167334,1506199594.2650983
2169010,1506199654.0980737
2170549,1506199714.598129
2171891,1506199774.0410423
2173200,1506199834.2104604
2174571,1506199894.09644
2175977,1506199954.1554859
2177416,1506200014.0422783
2178887,1506200074.151813
2180185,1506200134.0417688
2181781,1506200194.0976036
2183182,1506200254.03975
2185061,1506200314.4315078
2186523,1506200374.1501644
2188411,1506200434.1009462
2189963,1506200494.042881
2191322,1506200554.0964763
2192877,1506200614.1520805
2194416,1506200674.098957
2196325,1506200734.4312098
2198189,1506200794.2619715
2199494,1506200854.0408652
2201639,1506200914.0423543
2203038,1506200974.038728
2204459,1506201034.095997
2205918,1506201094.1555307
2207827,1506201154.0951579
2209468,1506201214.262949
2210908,1506201274.154599
2212457,1506201334.1001139
2213967,1506201394.1532753
2215180,1506201454.5409045
2216698,1506201514.152806
2218522,1506201574.0406313
2219968,1506201634.207689
2221492,1506201694.0416481
2223449,1506201754.0977614
2224741,1506201814.4330795
2225952,1506201874.4301174
2227353,1506201934.0450065
2229042,1506201994.3200996
2230709,1506202054.042931
2233040,1506202114.543818
2234723,1506202174.0448334
2236226,1506202234.0965667
2237827,1506202294.0427072
2239266,1506202354.377285
2240713,1506202414.2639039
2242238,1506202474.1536233
2243791,1506202534.0422766
2245279,1506202594.0984845
2247092,1506202654.1550446
2248674,1506202714.2635677
2250315,1506202774.0443435
2252103,1506202834.100992
2253505,1506202894.04428
2254969,1506202954.0443294
2256847,1506203014.0428731
2258876,1506203074.1557875
2260609,1506203134.1011739
2262132,1506203194.0440037
2263578,1506203254.0420308
2265060,1506203314.1010425
2267978,1506203374.1552896
2269718,1506203434.3790553
2271409,1506203494.5997136
2272993,1506203554.1564224
2275330,1506203614.0456128
2276928,1506203674.0456038
2278468,1506203734.0444927
2280324,1506203794.1564562
2281742,1506203854.2106862
2283568,1506203914.154656
2285182,1506203974.3242054
2289090,1506204034.4351275
2290433,1506204094.0469143
2291927,1506204154.155565
2293489,1506204214.2118604
2294946,1506204274.1042662
2296841,1506204334.0472522
2298486,1506204394.0457344
2299850,1506204454.1571205
2301481,1506204514.2676568
2303163,1506204574.1004548
2304638,1506204634.10297
2306223,1506204694.6579094
2307966,1506204754.1571028
2309570,1506204814.2697065
2311037,1506204874.0994718
2312537,1506204934.0461493
2314069,1506204994.3238902
2315354,1506205054.0465155
2317156,1506205114.045559
2320208,1506205174.1022806
2322333,1506205234.0464175
2324818,1506205294.0457976
2326216,1506205354.1033642
2327553,1506205414.0462582
2328943,1506205474.0459704
2330509,1506205534.0484478
2331722,1506205594.157031
2333570,1506205654.0456333
2335732,1506205714.047672
2337547,1506205774.2694855
2339563,1506205834.0463393
2341243,1506205894.1601467
2342997,1506205954.3816006
2345124,1506206014.1041462
2346682,1506206074.0490882
2347962,1506206134.159105
2349507,1506206194.105192
2350813,1506206254.0486174
2352446,1506206314.1037025
2354099,1506206374.0469444
2355845,1506206434.0479815
2358235,1506206494.2152667
2359637,1506206554.2148619
2361227,1506206614.2732303
2362816,1506206674.106656
2364683,1506206734.769909
2366187,1506206794.213805
2367538,1506206854.2170842
2368951,1506206914.2714677
2370826,1506206974.0489924
2372251,1506207034.1061187
2373771,1506207094.2730854
2375916,1506207154.0495036
2377378,1506207214.0508494
2379008,1506207274.159056
2380667,1506207334.0497375
2382123,1506207394.0483546
2383955,1506207454.0497174
2386068,1506207514.2186852
2387556,1506207574.215131
2389585,1506207634.0495923
2391396,1506207694.1593485
2392803,1506207754.1043065
2394402,1506207814.0497956
2395832,1506207874.1567495
2397170,1506207934.0473447
2399118,1506207994.1022117
2400531,1506208054.159067
2402236,1506208114.2141733
2403903,1506208174.0481067
2405291,1506208234.6598718
2406624,1506208294.213898
2408536,1506208354.2142835
2409969,1506208414.0463147
2412877,1506208474.2146401
2414147,1506208534.047245
2415430,1506208594.0447788
2416916,1506208654.1015291
2418035,1506208714.3815253
2419443,1506208774.6015131
2422011,1506208834.1021404
2423531,1506208894.0999925
2424791,1506208954.6023896
2426264,1506209014.3811958
2427848,1506209074.1022155
2429184,1506209134.04911
2430462,1506209194.0430903
2431990,1506209254.046093
2433576,1506209314.212717
2435074,1506209374.1548479
2436316,1506209434.043903
2437520,1506209494.0449157
2440407,1506209554.1566496
2442005,1506209614.379453
2443424,1506209674.1008427
2444664,1506209734.2694862
2445788,1506209794.1561894
2447382,1506209854.1575341
2448687,1506209914.0464942
2450547,1506209974.0459638
2451963,1506210034.1584783
2453055,1506210094.490929
2454806,1506210154.2114348
2456139,1506210214.1006324
2457307,1506210274.0462317
2458902,1506210334.110102
2460457,1506210394.269115
2461816,1506210454.0460415
2462928,1506210514.3245459
2464428,1506210574.1042395
2466005,1506210634.0447893
2467356,1506210694.326897
2468630,1506210754.1008954
2469979,1506210814.1590788
2471188,1506210874.1029818
2472872,1506210934.1032927
2474150,1506210994.1587112
2475556,1506211054.212539
2476841,1506211114.098953
2478223,1506211174.045099
2479388,1506211234.4343
2480552,1506211294.0489244
2481955,1506211354.435205
2483257,1506211414.2136228
2484962,1506211474.0999134
2486369,1506211534.1031594
2487561,1506211594.6032069
2488825,1506211654.0453455
2490403,1506211714.0478923
2491821,1506211774.1586862
2493165,1506211834.3774042
2494605,1506211894.0460675
2495758,1506211954.2138438
2497221,1506212014.1556246
2498616,1506212074.4387915
2500554,1506212134.2134602
2502070,1506212194.1551113
2503181,1506212254.1566916
2504534,1506212314.437167
2505714,1506212374.1018128
2507053,1506212434.2703338
2508164,1506212494.048829
2510217,1506212554.3257961
2511808,1506212614.4351382
2513072,1506212674.2131226
2514278,1506212734.0481634
2515338,1506212794.5987399
2516660,1506212854.8784027
2517925,1506212914.0443842
2519061,1506212974.1007724
2520182,1506213034.1025763
2521433,1506213094.1009276
2522682,1506213154.1012473
2523886,1506213214.1018486
2524978,1506213274.2664087
2526137,1506213334.3787653
2527437,1506213394.271314
2528938,1506213454.211081
2530468,1506213514.0443716
2531637,1506213574.434726
2533548,1506213634.1016486
2534855,1506213694.0448298
2536114,1506213754.4364963
2537518,1506213814.0998695
2538690,1506213874.1557236
2539989,1506213934.1562624
2544070,1506213994.0991294
2546142,1506214054.0444524
2547245,1506214114.1000133
2548486,1506214174.210458
2549645,1506214234.0423002
2550833,1506214294.1551907
2552071,1506214354.1539838
2553594,1506214414.0469527
2554644,1506214474.32384
2555792,1506214534.1013517
2557109,1506214594.2655823
2558246,1506214654.2083788
2559358,1506214714.3773246
2560671,1506214774.1005592
2561931,1506214834.266547
2563040,1506214894.3785677
2564272,1506214954.1026008
2565696,1506215014.0993445
2566978,1506215074.0993185
2568218,1506215134.0991096
2569217,1506215194.3204613
2570422,1506215254.0414543
2571685,1506215314.0986922
2572861,1506215374.0989687
2573887,1506215434.264792
2575124,1506215494.1534512
2576287,1506215554.098521
2578009,1506215614.1014075
2579445,1506215674.0465105
2580880,1506215734.0433457
2582180,1506215794.2104223
2583389,1506215854.2647212
2584709,1506215914.3781424
2585813,1506215974.2120602
2587271,1506216034.1555672
2588242,1506216094.3250093
2589386,1506216154.2121263
2590626,1506216214.047397
2591748,1506216274.0451577
2593462,1506216334.0451
2594673,1506216394.0474312
2595863,1506216454.1005514
2597107,1506216514.1015599
2598175,1506216574.0464857
2599231,1506216634.1570098
2600290,1506216694.0454843
2601571,1506216754.2122967
2602628,1506216814.0643387
2603692,1506216874.2121599
2604832,1506216934.0456457
2606062,1506216994.0468884
2607298,1506217054.436826
2608349,1506217114.1027203
2610046,1506217174.2688591
2611110,1506217234.0479424
2612243,1506217294.2701416
2613316,1506217354.0462298
2614527,1506217414.381864
2615615,1506217474.270805
2617102,1506217534.0499542
2618244,1506217594.1022763
2619246,1506217654.1040037
2620318,1506217714.0486238
2621528,1506217774.102677
2622582,1506217834.1587546
2623643,1506217894.045374
2624692,1506217954.2687378
2625636,1506218014.6551213
2626641,1506218074.1051655
2627715,1506218134.0477583
2628830,1506218194.2699506
2630531,1506218254.380684
2631920,1506218314.0463686
2632961,1506218374.3224542
2633935,1506218434.2140481
2635205,1506218494.0466232
2636301,1506218554.0452445
2637677,1506218614.0440145
2638639,1506218674.0466428
2639636,1506218734.2110174
2641024,1506218794.2674282
2642066,1506218854.2700298
2643354,1506218914.15517
2644332,1506218974.045392
2645493,1506219034.0441976
2646458,1506219094.0435555
2647412,1506219154.1564953
2648472,1506219214.0466094
2650649,1506219274.4900064
2651553,1506219334.0463123
2652570,1506219394.4340384
2653677,1506219454.1008427
2654599,1506219514.1031485
2655497,1506219574.0447412
2656699,1506219634.2119043
2657606,1506219694.325155
2658736,1506219754.380253
2659688,1506219814.2135317
2660999,1506219874.1008663
2662575,1506219934.4905562
2663466,1506219994.2138488
2664345,1506220054.047012
2665403,1506220114.437683
2666720,1506220174.380338
2667983,1506220234.213416
2669414,1506220294.0482497
2670392,1506220354.3777208
2672704,1506220414.0466611
2673622,1506220474.2144248
2674832,1506220534.549843
2676678,1506220594.1589806
2677676,1506220654.0472252
2680359,1506220714.3796775
2681284,1506220774.1579545
2682214,1506220834.1010249
2683275,1506220894.2145224
2684408,1506220954.326241
2686020,1506221014.2153764
2687023,1506221074.046943
2688192,1506221134.1010742
2689209,1506221194.1579766
2690423,1506221254.3821516
2691413,1506221314.0456622
2692844,1506221374.158074
2693704,1506221434.04829
2694684,1506221494.0495415
2696019,1506221554.047846
2696836,1506221614.1059098
2697818,1506221674.2706127
2698781,1506221734.0481162
2699598,1506221794.7698262
2700528,1506221854.2186031
2701495,1506221914.1577446
2702418,1506221974.0498457
2703429,1506222034.1073296
2706327,1506222094.0478714
2707137,1506222154.051179
2708742,1506222214.1082473
2709725,1506222274.0523465
2710796,1506222334.1069689
2711530,1506222394.1652067
2712514,1506222454.2752807
2715042,1506222514.1621504
2716344,1506222574.2754736
2717307,1506222634.217418
2718460,1506222694.1070101
2719591,1506222754.0514765
2720830,1506222814.221794
2721597,1506222874.1099265
2722306,1506222934.1104596
2723183,1506222994.0512033
2724197,1506223054.218757
2725129,1506223114.220248
2725954,1506223174.0513725
2726838,1506223234.0543551
2727597,1506223294.0561085
2728333,1506223354.1621053
2729243,1506223414.052349
2730034,1506223474.0570796
2730852,1506223534.0535893
2731650,1506223594.0536308
2733051,1506223654.107314
2733854,1506223714.221407
2734707,1506223774.1646838
2735744,1506223834.2208452
2736498,1506223894.1091166
2737501,1506223954.1073945
2738417,1506224014.2775235
2739348,1506224074.0528536
2740106,1506224134.0531456
2741643,1506224194.1067092
2742488,1506224254.1621122
2743458,1506224314.1064062
2744210,1506224374.1067994
2745090,1506224434.4952617
2746125,1506224494.1625822
2746885,1506224554.106511
2747626,1506224614.3293052
2748312,1506224674.159586
2749174,1506224734.049438
2750054,1506224794.3264353
2751678,1506224854.1055627
2752589,1506224914.0498865
2753297,1506224974.2168577
2754058,1506225034.049821
2754880,1506225094.1602688
2755839,1506225154.661455
2756662,1506225214.1059208
2757699,1506225274.383208
2758633,1506225334.1599653
2759295,1506225394.0505097
2760122,1506225454.2163475
2760880,1506225514.3282053
2761790,1506225574.0519469
