96915,1506484856.8114407
97885,1506484919.056413
98683,1506484979.1692393
99444,1506485039.1111603
100269,1506485099.167869
100957,1506485159.2243896
101673,1506485219.1115096
102687,1506485279.3356626
103437,1506485339.2232296
104151,1506485399.0562792
105082,1506485459.1133003
105748,1506485519.2244074
106802,1506485579.1152685
107682,1506485639.0563161
108416,1506485699.1160035
109344,1506485759.1156323
110108,1506485819.2798657
110797,1506485879.1690078
111659,1506485939.114446
112501,1506485999.0603456
113215,1506486059.058996
113961,1506486119.2241728
114648,1506486179.2245994
115241,1506486239.0565295
115976,1506486299.174975
116594,1506486359.063107
117358,1506486419.1160946
118248,1506486479.1182165
119150,1506486539.0596578
119894,1506486599.50108
121247,1506486659.1697447
122334,1506486719.1706018
123028,1506486779.1128948
123751,1506486839.059621
124521,1506486899.5553827
125196,1506486959.0609562
125828,1506487019.0566366
126646,1506487079.0537999
127376,1506487139.114621
127957,1506487199.0555973
128726,1506487259.3344874
129529,1506487319.1140285
130320,1506487379.444684
130999,1506487439.3320465
131705,1506487499.1104736
132543,1506487559.0556457
133462,1506487619.056221
134235,1506487679.054031
135243,1506487739.4999733
136078,1506487799.0554976
136710,1506487859.054805
137853,1506487919.2763743
138527,1506487979.17048
139285,1506488039.1154597
140236,1506488099.05572
140879,1506488159.0552135
141624,1506488219.0552382
142225,1506488279.115031
143011,1506488339.054654
143711,1506488399.1134818
144349,1506488459.3329449
144875,1506488519.27745
145576,1506488579.1113317
146203,1506488639.0569637
146805,1506488699.2209365
147430,1506488759.112047
147988,1506488819.0561097
148681,1506488879.055801
149354,1506488939.3924572
150010,1506488999.2238557
150614,1506489059.1671255
151311,1506489119.2267914
151881,1506489179.166699
152984,1506489239.055697
153566,1506489299.2241664
154170,1506489359.2212784
154736,1506489419.1097155
155396,1506489479.1098185
156039,1506489539.2205071
156685,1506489599.1130693
157226,1506489659.2214963
158057,1506489719.1120722
158737,1506489779.108445
159387,1506489839.0536618
159967,1506489899.2199886
160786,1506489959.1110334
161339,1506490019.2769935
161984,1506490079.3334599
162631,1506490139.1676762
163310,1506490199.1100893
163913,1506490259.2234244
164625,1506490319.446215
165436,1506490379.1106296
165988,1506490439.3327856
166623,1506490499.1100502
167139,1506490559.1145651
167668,1506490619.114588
168235,1506490679.1700907
168766,1506490739.2213185
169233,1506490799.0582016
169779,1506490859.056486
170342,1506490919.5575068
170837,1506490979.1124277
171384,1506491039.1665578
171903,1506491099.3345902
172370,1506491159.4991639
173045,1506491219.114229
173558,1506491279.0536299
174191,1506491339.0580626
174804,1506491399.2215688
175425,1506491459.1668756
176164,1506491519.0526268
176734,1506491579.111667
177256,1506491639.1675768
177978,1506491699.220898
178752,1506491759.2767415
179183,1506491819.1108341
179893,1506491879.0596268
180384,1506491939.109844
181019,1506491999.1113443
181493,1506492059.0589397
182001,1506492119.1650176
182593,1506492179.0541284
183257,1506492239.1680028
183838,1506492299.1103258
184363,1506492359.0554328
185112,1506492419.2225957
185563,1506492479.2790234
186125,1506492539.1651008
186708,1506492599.055412
187215,1506492659.1090212
187790,1506492719.0604935
188505,1506492779.3344731
189033,1506492839.6638603
189454,1506492899.1095502
189963,1506492959.1097016
190447,1506493019.1695771
190868,1506493079.055619
191437,1506493139.2756846
191937,1506493199.056083
192435,1506493259.2182772
192857,1506493319.0548272
193367,1506493379.0534356
193828,1506493439.2772605
194299,1506493499.8323429
194776,1506493559.274942
195257,1506493619.1643503
195755,1506493679.164454
196436,1506493739.3346004
196844,1506493799.0533805
197294,1506493859.0543926
197787,1506493919.1121933
198227,1506493979.0554004
198716,1506494039.108784
199176,1506494099.0538092
199563,1506494159.0569847
200005,1506494219.6083167
200473,1506494279.0519977
200986,1506494339.2196279
201458,1506494399.1676307
202181,1506494459.054355
202638,1506494519.5538142
202999,1506494579.0551574
203494,1506494639.1659768
203974,1506494699.1654346
204425,1506494759.0565906
204987,1506494819.0530746
205448,1506494879.1128752
205853,1506494939.0546572
206312,1506494999.056827
206706,1506495059.0558965
207117,1506495119.0590343
207615,1506495179.8351936
208184,1506495239.1114604
208596,1506495299.0537317
209044,1506495359.057735
209455,1506495419.0547376
209964,1506495479.3323853
210538,1506495539.2784314
210894,1506495599.1119046
211322,1506495659.167951
212974,1506495719.0584614
213376,1506495779.5545301
213783,1506495839.2262697
214223,1506495899.1685
214614,1506495959.0574198
215066,1506496019.058802
215430,1506496079.1677942
215859,1506496139.4437654
216297,1506496199.2236388
216734,1506496259.057341
217165,1506496319.1130364
217647,1506496379.2226267
218001,1506496439.0565712
218431,1506496499.0580628
218824,1506496559.1136105
219236,1506496619.3356318
219715,1506496679.445979
220199,1506496739.0575383
220942,1506496799.16838
221332,1506496859.3338847
221778,1506496919.167018
222356,1506496979.1119018
222760,1506497039.0562978
223208,1506497099.110449
223606,1506497159.6120944
224016,1506497219.0542588
225074,1506497279.0577226
225389,1506497339.3880162
225826,1506497399.2222257
226179,1506497459.1124818
226641,1506497519.056838
226931,1506497579.2793376
227300,1506497639.0532393
227660,1506497699.057162
228101,1506497759.1112242
228461,1506497819.222739
228838,1506497879.2214372
229187,1506497939.1090722
229738,1506497999.1644197
230179,1506498059.112618
230581,1506498119.2215173
230956,1506498179.5039895
231415,1506498239.1131673
231761,1506498299.2216167
232150,1506498359.222294
232512,1506498420.3332658
232936,1506498480.2202706
233335,1506498540.1116347
233750,1506498600.2256908
234076,1506498660.2219312
234390,1506498720.113844
234825,1506498780.0585158
235146,1506498840.1177626
235525,1506498900.224621
235940,1506498960.1167104
236262,1506499020.0605783
236602,1506499080.1695116
236965,1506499140.0579793
237324,1506499200.0613706
237725,1506499260.2800035
238109,1506499320.1720972
238464,1506499380.2260711
238785,1506499440.4519756
239172,1506499500.061287
239564,1506499560.1156957
239914,1506499620.1743832
240231,1506499680.1726532
240603,1506499740.1185935
240953,1506499800.4505904
241260,1506499860.1763031
241663,1506499920.1185231
242003,1506499980.0605156
242370,1506500040.341984
242812,1506500100.0648317
243179,1506500160.2299075
243570,1506500220.11844
244221,1506500280.064386
244583,1506500340.283632
245053,1506500400.2296088
245425,1506500460.2323818
245886,1506500520.1754138
246172,1506500580.0622032
246569,1506500640.285489
246947,1506500700.12501
247385,1506500760.1216671
247805,1506500820.1243427
248083,1506500880.1736882
248418,1506500940.1204581
248750,1506501000.067119
249134,1506501060.1211123
249414,1506501120.0635936
249833,1506501180.2334843
250141,1506501240.1778688
250490,1506501300.2331264
250759,1506501360.1784484
251141,1506501420.179465
251528,1506501480.066078
251860,1506501540.1265712
252264,1506501600.0658092
252631,1506501660.2314568
253010,1506501720.5668883
253307,1506501780.0672972
253729,1506501840.1258564
254173,1506501900.0722432
254513,1506501960.06794
254902,1506502020.2379687
255238,1506502080.066055
255561,1506502140.1211073
255940,1506502200.126643
256330,1506502260.2906039
256729,1506502320.018248
257081,1506502380.2908149
257383,1506502440.1796768
257790,1506502500.1232057
258153,1506502560.2372782
258495,1506502620.291147
258868,1506502680.013566
259185,1506502740.0714016
259603,1506502800.1795342
259972,1506502860.231801
260350,1506502920.1187265
260676,1506502980.1162372
261015,1506503040.2277133
261371,1506503100.1756809
261768,1506503160.0599167
262103,1506503220.2820866
262405,1506503280.0580997
262759,1506503340.1137264
263081,1506503400.0582874
263415,1506503460.3898623
263772,1506503520.1650288
264094,1506503580.2230246
264386,1506503640.112997
264762,1506503700.0565722
265052,1506503760.3302221
265439,1506503820.1620004
265736,1506503880.0558136
266057,1506503940.4464266
266332,1506504000.1623802
266671,1506504060.0541391
266959,1506504120.3837767
267312,1506504180.2200172
267630,1506504240.108187
268070,1506504300.0531497
268354,1506504360.4957888
268691,1506504420.329519
269020,1506504480.1067789
269333,1506504540.2721598
269695,1506504600.0495014
269993,1506504660.0519965
270217,1506504720.1624582
270480,1506504780.0491338
270842,1506504840.32861
271129,1506504900.0494792
271574,1506504960.11027
271976,1506505020.3283234
272320,1506505080.216281
272526,1506505140.1075788
272898,1506505200.0494454
273251,1506505260.0528297
273539,1506505320.0467186
273853,1506505380.437026
274180,1506505440.0491168
274512,1506505500.214552
274932,1506505560.1071708
275235,1506505620.1038907
275577,1506505680.047761
275887,1506505740.2147942
276194,1506505800.2145424
276455,1506505860.1606934
276765,1506505920.3795786
277069,1506505980.2171686
277400,1506506040.0455449
277693,1506506100.1578074
278060,1506506160.047576
278347,1506506220.1036017
278639,1506506280.2150989
279013,1506506340.10526
279308,1506506400.0444043
279649,1506506460.102091
280457,1506506520.102625
280771,1506506580.1007218
281042,1506506640.3814523
281447,1506506700.1056495
281831,1506506760.0437427
282255,1506506820.0451093
283548,1506506880.1039531
283864,1506506940.0489175
284255,1506507000.0493906
284562,1506507060.0490155
284860,1506507120.2730472
285202,1506507180.219441
285461,1506507240.3310926
285794,1506507300.223909
286097,1506507360.1136773
286357,1506507420.0561051
286669,1506507480.0544715
287069,1506507540.0554605
287390,1506507600.1687677
287680,1506507660.1160004
288062,1506507720.1163917
288410,1506507780.169013
288760,1506507840.1146474
289061,1506507900.225706
289414,1506507960.0570703
289823,1506508020.1775422
290147,1506508080.0638862
290450,1506508140.1161222
290919,1506508200.4497297
291283,1506508260.0626452
291657,1506508320.0608647
292090,1506508380.0619454
292598,1506508440.1168234
292889,1506508500.0621536
293268,1506508560.2820473
293587,1506508620.0613549
293874,1506508680.1168408
294388,1506508740.5062325
294877,1506508800.5625055
295211,1506508860.230707
295478,1506508920.28198
295757,1506508980.171112
296026,1506509040.0680716
296334,1506509100.0615337
296639,1506509160.4506295
297037,1506509220.1181383
297322,1506509280.169611
297635,1506509340.0590436
298010,1506509400.0611563
298323,1506509460.1145518
298810,1506509520.0625682
299212,1506509580.0625923
299465,1506509640.1709187
299810,1506509700.0614238
300313,1506509760.06081
301014,1506509820.169953
301351,1506509880.1164987
302046,1506509940.058131
302431,1506510000.1719906
302758,1506510060.0617933
303180,1506510120.2302952
303476,1506510180.1145205
303789,1506510240.115576
304166,1506510300.1175237
304535,1506510360.2265744
304817,1506510420.1722655
305167,1506510480.1734946
305494,1506510540.4491563
305846,1506510600.225336
306509,1506510660.2282815
306932,1506510720.1733727
307242,1506510780.1743162
307598,1506510840.4512448
307964,1506510900.3921232
308318,1506510960.3387103
308725,1506511020.0668275
309094,1506511080.0642576
309700,1506511140.2276156
310099,1506511200.394009
310467,1506511260.062533
310834,1506511320.1701815
311235,1506511380.1198049
311561,1506511440.2268655
311897,1506511500.1144364
312251,1506511560.059507
312649,1506511620.171572
312997,1506511680.0597098
313328,1506511740.7272737
313722,1506511800.391595
314134,1506511860.560162
314426,1506511920.1150017
314823,1506511980.1173007
315245,1506512040.171272
315649,1506512100.1158893
316058,1506512160.3378997
316488,1506512220.0679061
316807,1506512280.1744325
317201,1506512340.1173673
317698,1506512400.0588021
318008,1506512460.2857792
318369,1506512520.0615296
318747,1506512580.1707046
319065,1506512640.0622742
319898,1506512700.0612433
320244,1506512760.1157088
320665,1506512820.062362
322142,1506512880.0634284
322504,1506512940.0621326
322790,1506513000.2838
323502,1506513060.339289
323942,1506513120.063121
324231,1506513180.5625784
324570,1506513240.1189387
324940,1506513300.171061
325205,1506513360.058149
325642,1506513420.1710067
325987,1506513480.2872622
326358,1506513540.1720955
326707,1506513600.1179068
327111,1506513660.1719003
327486,1506513720.0623653
328034,1506513780.3361666
328359,1506513840.1709638
328774,1506513900.116808
329123,1506513960.1169405
329484,1506514020.1721358
329892,1506514080.1154375
330256,1506514140.116154
330561,1506514200.0626485
330953,1506514260.281643
331447,1506514320.3927286
331891,1506514380.1164
332306,1506514440.1744077
332734,1506514500.1151257
333118,1506514560.0602417
333524,1506514620.1163116
334195,1506514680.117012
334590,1506514740.06204
334972,1506514800.341459
335365,1506514860.1733897
335697,1506514920.060647
336136,1506514980.06173
336497,1506515040.0601857
337139,1506515100.1728668
337471,1506515160.17067
337823,1506515220.2833
338173,1506515280.2287576
338545,1506515340.8408127
338912,1506515400.0594096
339296,1506515460.1706116
339972,1506515520.0623848
340321,1506515580.1149418
340755,1506515640.3986375
341095,1506515700.286039
341521,1506515760.228548
341921,1506515820.1714087
342412,1506515880.2819467
342767,1506515940.1152153
343231,1506516000.1710808
343603,1506516060.115593
344046,1506516120.057991
344419,1506516180.0584614
344819,1506516240.1739573
345310,1506516300.059011
345662,1506516360.1192791
346012,1506516420.2836058
346369,1506516480.0583677
346798,1506516540.2256207
347220,1506516600.117152
347660,1506516660.4508271
348042,1506516720.3406188
348427,1506516780.3367283
348802,1506516840.171206
349585,1506516900.0603006
350020,1506516960.1195
350456,1506517020.1718686
350827,1506517080.0628226
351266,1506517140.06044
351632,1506517200.0618541
352073,1506517260.118408
352494,1506517320.4498582
352948,1506517380.119905
353286,1506517440.5623286
353706,1506517500.5656862
354075,1506517560.3964138
354451,1506517620.2274518
354912,1506517680.0623775
355284,1506517740.2868829
355686,1506517800.2859614
356109,1506517860.2288036
356492,1506517920.1176772
357827,1506517980.0666354
358291,1506518040.3942602
358719,1506518100.0641515
359170,1506518160.175419
359748,1506518220.118993
360156,1506518280.1167722
361501,1506518340.0633204
362390,1506518400.0612583
362907,1506518460.119588
363426,1506518520.229064
363913,1506518580.22881
364434,1506518640.6201067
364851,1506518700.1186593
365471,1506518760.2310774
365941,1506518820.06471
366400,1506518880.5652125
366764,1506518940.1743743
367201,1506519000.2287977
367661,1506519060.0630748
368263,1506519120.117583
368802,1506519180.1186965
369220,1506519240.1719854
369690,1506519300.059514
370304,1506519360.1750355
370931,1506519420.2278614
371380,1506519480.116698
372012,1506519540.2817688
372482,1506519600.5575912
373033,1506519660.0583177
373638,1506519720.1131632
374318,1506519780.118408
376427,1506519840.2224894
377025,1506519900.1157222
377543,1506519960.1152468
377991,1506520020.1676528
378446,1506520080.3346663
378927,1506520140.1706655
379388,1506520200.167044
379880,1506520260.0555015
380459,1506520320.168241
381083,1506520380.1720936
381639,1506520440.1121747
382103,1506520500.1147287
382713,1506520560.0554972
383156,1506520620.1127205
383725,1506520680.1659257
384238,1506520740.0565207
384795,1506520800.2781103
385268,1506520860.166089
385815,1506520920.279817
386361,1506520980.1666276
387072,1506521040.1122103
387835,1506521100.1121597
388429,1506521160.0559669
389005,1506521220.1103551
389495,1506521280.16795
389926,1506521340.1679227
390725,1506521400.2241478
391236,1506521460.0556622
391716,1506521520.05744
392186,1506521580.2238402
392758,1506521640.1187932
393385,1506521700.0615296
393962,1506521760.0589767
394658,1506521820.117714
395356,1506521880.169056
395945,1506521940.058467
396633,1506522000.1158936
397276,1506522060.559146
397778,1506522120.5598683
398363,1506522180.0590856
398873,1506522240.283094
399399,1506522300.0616612
399938,1506522360.2808914
400514,1506522420.2272942
401080,1506522480.1199281
401618,1506522540.115442
402173,1506522600.5038521
402893,1506522660.0585823
403504,1506522720.116843
404082,1506522780.116173
404745,1506522840.0586092
405381,1506522900.118481
406034,1506522960.6176498
406638,1506523020.2279344
407178,1506523080.0599813
407795,1506523140.061596
408413,1506523200.228575
409534,1506523260.116547
410161,1506523320.059802
410816,1506523380.0602918
411342,1506523440.058992
411893,1506523500.2292123
412432,1506523560.1167033
412860,1506523620.4499938
413499,1506523680.2286274
414029,1506523740.0627158
414518,1506523800.0610335
415122,1506523860.1744592
415703,1506523920.282228
416129,1506523980.117626
416867,1506524040.064178
417589,1506524100.3950305
418145,1506524160.1174464
418854,1506524220.508149
419469,1506524280.284109
419978,1506524340.06091
420764,1506524400.6188478
423497,1506524460.0619824
424606,1506524520.4495552
425191,1506524580.1733713
427133,1506524640.1170287
427631,1506524700.284988
428277,1506524760.2822874
428924,1506524820.229174
429536,1506524880.0593534
430171,1506524940.06018
430901,1506525000.119801
431489,1506525060.2266843
432069,1506525120.1711879
432720,1506525180.1170938
433508,1506525240.28322
434234,1506525300.2844622
434864,1506525360.0619547
435567,1506525420.0625074
436112,1506525480.3386228
437207,1506525540.061157
437882,1506525600.1726153
438430,1506525660.1717856
439082,1506525720.0619128
439965,1506525780.060233
440623,1506525840.118485
441288,1506525900.1174254
441930,1506525960.0629406
442502,1506526020.0611908
443140,1506526080.0640483
443727,1506526140.0663388
444411,1506526200.0603387
444988,1506526260.0597525
445884,1506526320.115193
446571,1506526380.2877836
447638,1506526440.1717675
448373,1506526500.1736255
449168,1506526560.2271261
450583,1506526620.5610702
451227,1506526680.0611398
452171,1506526740.2311227
452870,1506526800.0622818
453619,1506526860.0637286
454606,1506526920.3946357
455180,1506526980.173747
455867,1506527040.062984
456962,1506527100.1187077
457889,1506527160.8394272
458793,1506527220.3466501
459881,1506527280.0604491
460618,1506527340.0598786
461168,1506527400.1733148
461764,1506527460.0620568
462566,1506527520.171201
463457,1506527580.1721888
464055,1506527640.064389
464910,1506527700.3922105
465616,1506527760.0605369
466430,1506527820.0641503
467099,1506527880.0599685
467984,1506527940.1146185
468723,1506528000.4499705
469428,1506528060.0569012
470158,1506528120.3398833
470887,1506528180.286937
471652,1506528240.1189144
474513,1506528300.118882
475396,1506528360.2323854
476207,1506528420.061954
476914,1506528480.2244508
477648,1506528540.173565
478328,1506528600.1742585
479034,1506528660.168743
479830,1506528720.2243378
480690,1506528780.28187
481392,1506528840.335252
482068,1506528900.5027292
482911,1506528960.1174574
483803,1506529020.4494102
484715,1506529080.1686795
485540,1506529140.1702967
486310,1506529200.2230403
487254,1506529260.2230668
488206,1506529320.169457
489118,1506529380.2254982
489903,1506529440.1158497
490795,1506529500.0560064
491627,1506529560.0583026
492437,1506529620.170505
493426,1506529680.3398316
494650,1506529740.4485257
495432,1506529800.392316
496242,1506529860.5568058
497102,1506529920.0605981
498091,1506529980.0576773
498820,1506530040.1727269
499586,1506530100.278915
500698,1506530160.2242427
501935,1506530220.1702542
503217,1506530280.226672
504117,1506530340.2807004
504935,1506530400.11627
505712,1506530460.0599656
506628,1506530520.1150613
507899,1506530580.1143417
508824,1506530640.1138854
509724,1506530700.0587614
510722,1506530760.056112
511712,1506530820.116118
512496,1506530880.0569606
513396,1506530940.0566344
514343,1506531000.2239552
515309,1506531060.112936
516124,1506531120.2223608
517180,1506531180.224989
518484,1506531240.0557046
519448,1506531300.0557399
520690,1506531360.6672876
521591,1506531420.0567296
522418,1506531480.1142979
523296,1506531540.113343
524385,1506531600.3344383
525664,1506531660.0598679
526676,1506531720.1150517
527696,1506531780.3400216
528757,1506531840.062057
529842,1506531900.1742587
530810,1506531960.2826195
531811,1506532020.3384833
532943,1506532080.3956208
533928,1506532140.2849572
535822,1506532200.114737
537031,1506532260.0617347
538119,1506532320.062164
539025,1506532380.1164532
539937,1506532440.0602362
540941,1506532500.392318
542264,1506532560.1715455
543337,1506532620.1732392
544657,1506532680.0642312
545816,1506532740.6158147
546881,1506532800.171871
547968,1506532860.1196852
548825,1506532920.6726148
549869,1506532980.0668266
550694,1506533041.228401
551600,1506533101.0594692
552732,1506533161.1187196
553883,1506533221.3931437
554874,1506533281.0630703
555917,1506533341.1718123
556887,1506533401.0627272
558082,1506533461.174842
559377,1506533521.0645435
560364,1506533581.2323964
561409,1506533641.0590298
563064,1506533701.4483888
564149,1506533761.3392005
565293,1506533821.0594258
566405,1506533881.1779182
567671,1506533941.0592024
568733,1506534001.1753056
570329,1506534061.6177852
571505,1506534121.1697106
572509,1506534181.3932648
573477,1506534241.1730208
574563,1506534301.06129
575657,1506534361.0610359
576726,1506534421.672399
577914,1506534481.1184995
578939,1506534541.059897
579882,1506534601.2298915
580882,1506534661.1718378
581867,1506534721.1138206
582915,1506534781.3395648
584173,1506534841.0589387
585483,1506534901.1183312
586714,1506534961.2808342
587938,1506535021.172752
589294,1506535081.3923624
590344,1506535141.0604815
591366,1506535201.1180027
592547,1506535261.0586903
593549,1506535321.0610178
594906,1506535381.0631747
596895,1506535441.1741982
598045,1506535501.1721165
599843,1506535561.1722193
601108,1506535621.0629277
602399,1506535681.2285566
603603,1506535741.117791
604910,1506535801.0612993
607335,1506535861.3415656
608364,1506535921.2841928
609901,1506535981.2289188
610981,1506536041.119248
612040,1506536101.1753426
613365,1506536161.1724236
614401,1506536221.1772587
615511,1506536281.285397
616714,1506536341.1236446
617775,1506536401.6732616
618753,1506536461.173465
620153,1506536521.5638065
621257,1506536581.0614843
622415,1506536641.0630774
623445,1506536701.118248
624632,1506536761.064664
625635,1506536821.233247
626717,1506536881.0640361
627806,1506536941.1733806
629070,1506537001.2315938
630044,1506537061.0631762
631412,1506537121.1784122
632453,1506537181.1800425
633508,1506537241.121184
634672,1506537301.3987198
635798,1506537361.2302763
636836,1506537421.2312584
638066,1506537481.3415234
639638,1506537541.1231143
640915,1506537601.0658422
641905,1506537661.2320702
643052,1506537721.062935
644203,1506537781.1219723
645860,1506537841.2298093
647141,1506537901.0650089
648202,1506537961.5105484
649316,1506538021.7893977
651340,1506538081.1813173
652607,1506538141.2309072
654028,1506538201.1208088
655334,1506538261.066634
656466,1506538321.0651233
657950,1506538381.0623975
659289,1506538441.6179807
662272,1506538501.1800187
663772,1506538561.1231503
665020,1506538621.236227
666334,1506538681.0641477
667406,1506538741.1186063
668645,1506538801.1229348
670226,1506538861.6208372
671642,1506538921.1202571
672825,1506538981.1216404
674050,1506539041.064615
675247,1506539101.175741
676579,1506539161.1211536
677687,1506539221.118976
678912,1506539281.1757233
680163,1506539341.0634642
681775,1506539401.172717
682957,1506539461.1738768
684225,1506539521.1199677
685587,1506539581.176312
686918,1506539641.178303
688112,1506539701.231568
689511,1506539761.2865644
691031,1506539821.062858
692495,1506539881.118643
693771,1506539941.3408868
694912,1506540001.1185427
696143,1506540061.1217659
697394,1506540121.0621648
698785,1506540181.065464
699977,1506540241.3439465
701164,1506540301.3961308
702368,1506540361.0626252
704045,1506540421.0624495
705297,1506540481.066898
706656,1506540541.4574027
707915,1506540601.122179
709885,1506540661.1201656
711147,1506540721.2346637
712384,1506540781.1784375
713653,1506540841.1205711
715397,1506540901.1193287
716935,1506540961.0657098
718380,1506541021.3981223
719904,1506541081.1758494
721345,1506541141.0636125
722581,1506541201.2318823
723919,1506541261.063069
725264,1506541321.841528
726692,1506541381.2846677
727945,1506541441.0635374
729568,1506541501.0652266
730945,1506541561.2368782
732424,1506541621.1751187
733818,1506541681.1759994
734950,1506541741.1210678
736116,1506541801.34323
737451,1506541861.2292266
739330,1506541921.175605
740506,1506541981.1208994
741755,1506542041.0654767
743105,1506542101.120564
744839,1506542161.6790378
745931,1506542221.0664196
747330,1506542281.064067
749037,1506542341.3422968
750523,1506542401.4541464
751755,1506542461.1215844
753177,1506542521.4550881
754594,1506542581.2339125
755874,1506542641.509722
757078,1506542701.2305164
758552,1506542761.1229942
760246,1506542821.0635922
761779,1506542881.1231668
763186,1506542941.0688126
764349,1506543001.0643442
766242,1506543061.285962
767648,1506543121.2870762
768992,1506543181.176745
770284,1506543241.2920399
771836,1506543301.3988385
773387,1506543361.1234488
774870,1506543421.06802
776009,1506543481.2891989
777719,1506543541.0661643
779030,1506543601.7334313
780492,1506543661.2322204
782124,1506543721.1212535
783934,1506543781.063897
785415,1506543841.0642042
786799,1506543901.2327037
788151,1506543961.0675948
789425,1506544021.0653737
790859,1506544081.1218488
792235,1506544141.124776
793753,1506544201.1756396
794968,1506544261.119625
796898,1506544321.1733131
798304,1506544381.3422258
799736,1506544441.3965602
801033,1506544501.2878315
802758,1506544561.172044
804327,1506544621.5652862
805915,1506544681.0645225
808036,1506544741.3430192
809424,1506544801.1722996
813143,1506544861.231036
814244,1506544921.1727095
815652,1506544981.063093
817282,1506545041.1169834
818485,1506545101.0615246
820061,1506545161.5077312
821557,1506545221.5667741
823106,1506545281.2852914
824433,1506545341.1710496
826549,1506545401.339253
828059,1506545461.3385732
829356,1506545521.170837
830762,1506545581.1731532
832075,1506545641.5605972
834573,1506545701.0604265
835933,1506545761.1190374
837283,1506545821.1726396
838473,1506545881.2282767
840939,1506545941.398883
842409,1506546001.2874582
844086,1506546061.3982651
846062,1506546121.1216676
847597,1506546181.1756814
849605,1506546241.1232066
851528,1506546301.0635366
853214,1506546361.1202137
854680,1506546421.0651562
856325,1506546481.1758938
857974,1506546541.1229436
859308,1506546601.1785138
860982,1506546661.0139713
862379,1506546721.404557
863928,1506546781.5705025
865170,1506546841.0142844
866582,1506546901.1791093
868524,1506546961.1247945
869691,1506547021.5718513
871486,1506547081.2934554
872982,1506547141.0130923
874596,1506547201.0143864
876145,1506547261.4078386
877526,1506547321.2361321
878820,1506547381.0688398
880124,1506547441.0721788
882546,1506547501.4019642
886458,1506547561.0151932
887934,1506547621.0137556
890068,1506547681.1288772
891740,1506547741.0697217
893133,1506547801.4086359
894968,1506547861.016965
896361,1506547921.294164
898004,1506547981.071517
899458,1506548041.1841488
901331,1506548101.129722
902684,1506548161.0157535
903991,1506548221.0718892
906147,1506548281.3495169
907446,1506548341.0178552
908948,1506548401.0181808
910537,1506548461.629267
911820,1506548521.0732977
913061,1506548581.1285503
914483,1506548641.2376509
916121,1506548701.1807323
917525,1506548761.3524928
919853,1506548821.073604
921108,1506548881.0180693
922594,1506548941.0175347
924056,1506549001.0184114
925398,1506549061.0151417
926966,1506549121.0176027
929518,1506549181.2388012
930785,1506549241.072314
932517,1506549301.0211098
933786,1506549361.0742393
934989,1506549421.2382932
936536,1506549481.1839128
937933,1506549541.0718038
939261,1506549601.0725498
940735,1506549661.017076
942133,1506549721.0176454
943613,1506549781.1302004
945482,1506549841.0159125
946736,1506549901.0743818
948270,1506549961.0196042
949792,1506550021.294836
951080,1506550081.0151758
952624,1506550141.01351
954081,1506550201.0130866
955171,1506550261.1234276
956692,1506550321.0143726
958288,1506550381.401778
959397,1506550441.0663583
960860,1506550501.0136561
962075,1506550561.0142787
963867,1506550621.0132573
965211,1506550681.3436146
966681,1506550741.1774259
967815,1506550801.1209242
969066,1506550861.9024277
970390,1506550921.786767
971676,1506550981.0632818
972832,1506551041.0124958
974198,1506551101.0651345
975437,1506551161.1756527
976728,1506551221.2882721
977918,1506551281.2335174
979120,1506551341.063134
980322,1506551401.2311695
982126,1506551461.0622532
983593,1506551521.120964
984730,1506551581.2296357
986162,1506551641.235487
987205,1506551701.177915
988531,1506551761.176424
989818,1506551821.2304263
991047,1506551881.2320027
992183,1506551941.0636067
993606,1506552001.2861545
995035,1506552061.0649078
996271,1506552121.0631912
997712,1506552181.2320762
998955,1506552241.0668836
1001423,1506552301.0687568
1002499,1506552361.175602
1003627,1506552421.3963444
1005213,1506552481.064014
1006378,1506552541.288358
1007541,1506552601.1201646
1008887,1506552661.400539
1010291,1506552721.0641794
1011790,1506552781.3997781
1013264,1506552841.0640175
1015264,1506552901.3415556
1016458,1506552961.1215315
1017614,1506553021.6777782
1018990,1506553081.178774
1020469,1506553141.0656154
1021605,1506553201.067277
1022745,1506553261.1205323
1024103,1506553321.2902145
1026419,1506553381.2874556
1028692,1506553441.1213202
1030243,1506553501.3409555
1031646,1506553561.2898118
1033647,1506553621.1799867
1034940,1506553681.2325075
1036184,1506553741.120393
1037359,1506553801.123819
1038893,1506553861.1780703
1040265,1506553921.0683706
1041446,1506553981.3977523
1042522,1506554041.285651
1043916,1506554101.0640352
1045279,1506554161.4551468
1050091,1506554221.1238267
1051283,1506554281.290356
1052326,1506554341.3461483
1053462,1506554401.1260085
1054796,1506554461.234528
1055984,1506554521.014349
1057634,1506554581.0140676
1059033,1506554641.128399
1060199,1506554701.2357519
1061629,1506554761.1252682
1062829,1506554821.072678
1064505,1506554881.23986
1065661,1506554941.0715153
1067102,1506555001.184703
1068128,1506555061.0743914
1069854,1506555121.1260583
1071122,1506555181.021418
1072972,1506555241.2407308
1074585,1506555301.0151715
1075975,1506555361.1841235
1077324,1506555421.2965777
1078550,1506555481.0168855
1079663,1506555541.073859
1081178,1506555601.184777
1082409,1506555661.126386
1083472,1506555721.3502831
1085332,1506555781.1301477
1086837,1506555841.4062138
1088171,1506555901.0193398
1089372,1506555961.073244
1090804,1506556021.072315
1092104,1506556081.2410426
1093791,1506556141.129987
1095606,1506556201.5173905
1097257,1506556261.0721083
1098649,1506556321.1283607
1100749,1506556381.0145895
1102111,1506556441.4033415
1103382,1506556501.01458
1104540,1506556561.2348084
1105825,1506556621.0679977
1107037,1506556681.0131388
1108372,1506556741.071533
1109953,1506556801.1238484
1111456,1506556861.1245835
1112651,1506556921.0699246
1113987,1506556981.1815379
1115098,1506557041.0146303
1116266,1506557101.0120435
1117415,1506557161.1216245
1120151,1506557221.1817186
1121394,1506557281.0120866
1122493,1506557341.0683765
1124804,1506557401.232977
1126232,1506557461.1250954
1127503,1506557521.1244657
1129359,1506557581.4553106
1130531,1506557641.4016087
1131796,1506557701.1782227
1133343,1506557761.1248312
1134999,1506557821.177365
1136282,1506557881.0152106
1137437,1506557941.0676281
1138587,1506558001.1230779
1139946,1506558061.1234257
1141084,1506558121.1802623
1142577,1506558181.0130906
1143865,1506558241.3434508
1144934,1506558301.231831
1146203,1506558361.1781247
1147634,1506558421.0640965
1148729,1506558481.0649128
1149886,1506558541.0671365
1150990,1506558601.286276
1152532,1506558661.065903
1153576,1506558721.0645013
1154894,1506558781.6791615
1155930,1506558841.1199517
1156966,1506558901.1802452
1158528,1506558961.2327375
1160411,1506559021.064576
1162033,1506559081.0638251
1165083,1506559141.121448
1167722,1506559201.1219637
1169125,1506559261.1235986
1170133,1506559321.2319791
1171404,1506559381.1232412
1172568,1506559441.4595501
1173612,1506559501.3478901
1174762,1506559561.0681794
1176032,1506559621.06478
1177229,1506559681.1229048
1178688,1506559741.2316358
1179885,1506559801.2859128
1180873,1506559862.008757
1184023,1506559922.1776855
1185081,1506559982.1234007
1186079,1506560042.121822
1187173,1506560102.0635533
1188348,1506560162.0663483
1189607,1506560222.1764035
1190750,1506560282.1227655
1191797,1506560342.177178
1192943,1506560402.122341
1194195,1506560462.064133
1195376,1506560522.2354693
1196825,1506560582.291765
1197791,1506560642.2321243
1198916,1506560702.068654
1200189,1506560762.0667226
1202240,1506560822.2329545
1204342,1506560882.5677094
1205589,1506560942.0686433
1206945,1506561002.0696592
1208322,1506561062.1218746
1209440,1506561122.0124946
1210770,1506561182.012953
1211886,1506561242.1243966
1213251,1506561302.0695071
1214742,1506561362.014613
1215866,1506561422.0679836
1216994,1506561482.180071
1218280,1506561542.0169616
1219489,1506561602.0131304
1222221,1506561662.1832023
1223278,1506561722.012896
1224424,1506561782.0104487
1225731,1506561842.1231027
1226782,1506561902.0704184
1227985,1506561962.23314
1229017,1506562022.067803
1230108,1506562082.0728023
1231200,1506562142.1820438
1232202,1506562202.014168
1233271,1506562262.2904384
1234879,1506562322.0707872
1236396,1506562382.2337947
1237622,1506562442.1242292
1238557,1506562502.1787868
1239721,1506562562.1219592
1241079,1506562622.51357
1242089,1506562682.0677886
1243304,1506562742.0149446
1244455,1506562802.0670743
1245443,1506562862.232567
1246349,1506562922.068072
1247457,1506562982.1268568
1248627,1506563042.012888
1249841,1506563102.2399387
1250900,1506563162.1780417
1252241,1506563222.0136902
1253374,1506563282.1806555
1254346,1506563342.8451056
1255673,1506563402.0690122
1256927,1506563462.068663
1257969,1506563522.2917807
1259077,1506563582.0138762
1260047,1506563642.1793485
1261111,1506563702.17866
1262027,1506563762.1787832
1263133,1506563822.1782076
1264388,1506563882.0696766
1265437,1506563942.0699005
1266279,1506564002.1273434
1267301,1506564062.346196
1268308,1506564122.125833
1269342,1506564182.0717285
1270402,1506564242.0726302
1271420,1506564302.0152636
1272484,1506564362.0701666
1273780,1506564422.2921808
1274782,1506564482.186294
1275846,1506564542.1818733
1276854,1506564602.1288466
1277856,1506564662.2904918
1278808,1506564722.793418
1280444,1506564782.1812105
1281521,1506564842.2382684
1283107,1506564902.1268268
1284692,1506564962.1263256
1286002,1506565022.2925014
1287208,1506565082.0741055
1288214,1506565142.1856008
1289133,1506565202.1270604
1290122,1506565262.127389
1291489,1506565322.0711446
1292481,1506565382.0733826
1293800,1506565442.1275897
1295104,1506565502.1833436
1297788,1506565562.1292226
1298623,1506565622.017676
1299641,1506565682.0179255
1300882,1506565742.0155182
1301967,1506565802.016059
1302951,1506565862.017188
1304169,1506565922.0719876
1305345,1506565982.0710564
1306293,1506566042.4062617
1307836,1506566102.1856244
1308689,1506566162.017896
1309640,1506566222.0770092
1311061,1506566282.1281445
1312466,1506566342.0744326
1313587,1506566402.0153856
1314780,1506566462.0714138
1316589,1506566522.072049
1317752,1506566582.5136693
1318909,1506566642.0169938
1319990,1506566702.0141976
1320909,1506566762.0676694
1322117,1506566822.1242795
1323289,1506566882.2930112
1324185,1506566942.2950838
1325154,1506567002.0176637
1326202,1506567062.1251454
1327200,1506567122.3446686
1328112,1506567182.0702934
1329103,1506567242.067744
1330044,1506567302.014495
1331095,1506567362.1788478
1332225,1506567422.1251402
1333388,1506567482.1230297
1334296,1506567542.0691676
1335502,1506567602.288485
1336552,1506567662.1233382
1337729,1506567722.1218739
1338725,1506567782.1241734
1339887,1506567842.404576
1341142,1506567902.0162344
1342060,1506567962.065876
1343097,1506568022.065953
1344116,1506568082.1223204
1345093,1506568142.0682058
1346166,1506568202.0673797
1347109,1506568262.1256223
1348029,1506568322.0670195
1349210,1506568382.065222
1350234,1506568442.0136623
1351245,1506568502.0681503
1352385,1506568562.2898607
1353327,1506568622.015162
1354399,1506568683.177848
1355395,1506568743.066708
1357399,1506568803.0701263
1358276,1506568863.0669532
1359254,1506568923.1815197
1360278,1506568983.0671263
1361159,1506569043.068904
1362130,1506569103.2345927
1362987,1506569163.0114393
1363941,1506569223.7371857
1364846,1506569283.1780994
1366277,1506569343.2930033
1367272,1506569403.734923
1370061,1506569463.1774936
1371028,1506569523.0708685
1372095,1506569583.0695872
1373081,1506569643.5685794
1373965,1506569703.2336428
1374896,1506569763.06815
1376150,1506569823.014098
1377186,1506569883.124449
1378251,1506569943.1273112
1379188,1506570003.291856
1380478,1506570063.2886276
1381737,1506570123.0132678
1382710,1506570183.0685046
1383886,1506570243.0135484
1384816,1506570303.0686269
1385903,1506570363.517857
1387015,1506570423.180146
1387992,1506570483.1240976
1389008,1506570543.0687673
1389966,1506570603.5693998
1390921,1506570663.178934
1392374,1506570723.180778
1393548,1506570783.0686872
1394597,1506570843.0697973
1395627,1506570903.1271145
1396686,1506570963.0136364
1397519,1506571023.0166137
1398501,1506571083.012305
1399414,1506571143.0128443
