5487928.5300859595,1505620820.7508206
5609860.761245674,1505621719.293849
5435572.331034482,1505621779.0715861
5500169.27852349,1505621839.1261353
5499577.364261168,1505621977.0342886
5473189.768211921,1505622037.0909114
5598060.26006192,1505622138.042049
5509539.4702842375,1505622198.0969481
5395270.064599483,1505622258.0407002
5494002.539267016,1505622318.426745
5563452.689008043,1505622378.0960088
5510639.4219948845,1505622438.2059212
5545288.315642458,1505622498.0935566
5480398.705882353,1505622558.1523008
5462695.926553672,1505622618.0932493
5551079.897297298,1505622678.0945203
5461170.615776082,1505622738.2617881
5405865.212410501,1505622798.0964446
5530723.88172043,1505622858.4858809
5586565.525,1505622918.041074
5511207.7546666665,1505622978.1519992
5529623.694369974,1505623038.2065918
5468184.101123596,1505623098.093646
5464808.067183463,1505623158.0937629
5552351.394936709,1505623218.2050047
5482879.673854448,1505623278.1518784
5388021.864721485,1505623338.0943584
5503568.46031746,1505623398.375434
5507294.467966574,1505623458.0416691
5498807.542713568,1505623518.038382
5448606.607235142,1505623578.03947
5537962.793281654,1505623638.09637
5504310.087628866,1505623698.0401893
5464823.897574124,1505623758.0393891
5473147.082191781,1505623818.038919
5526160.9734748015,1505623878.2060628
5496934.919191919,1505623938.1515682
5581190.120879121,1505623998.0390677
5441600.606770833,1505624058.096763
5439901.597826087,1505624118.3165698
5515483.337912088,1505624178.2616212
5436650.622641509,1505624238.1507487
5443067.839793282,1505624298.0972128
5539183.681818182,1505624358.2617517
5556491.7154047,1505624418.1526659
5555069.214854111,1505624478.094799
5512661.3828125,1505624538.0394897
5509017.386111111,1505624598.152652
5461040.077747989,1505624658.2080238
5519130.947630922,1505624718.1501179
5472814.011661808,1505624778.039044
5472561.130325815,1505624838.5405154
5502158.010723861,1505624898.3180664
5511670.725274725,1505624958.2637186
5489664.802469136,1505625018.0430424
5481998.493403694,1505625078.2612054
5506946.68347339,1505625138.098376
5559120.957219251,1505625198.0947714
5485471.422279793,1505625258.3742328
5470733.706703911,1505625318.0975208
5526606.114206128,1505625378.0430431
5490988.812182741,1505625438.0962908
5616968.35,1505625498.3201976
5428876.241935484,1505625558.096187
5459553.432360742,1505625618.319504
5541325.860526316,1505625678.3178692
5414997.131016043,1505625738.150804
5502450.979381443,1505625798.4838986
5468660.601604278,1505625858.2064319
5506082.1344086025,1505625918.1542037
5602353.989637306,1505625978.2086623
5470133.283819629,1505626038.6547568
5499097.739495798,1505626098.2093177
5492957.7397260275,1505626158.2096517
5507264.386138614,1505626218.0399232
5512710.972222222,1505626278.0980415
5472641.113924051,1505626338.20708
5404136.928366763,1505626398.0960512
5515078.395604395,1505626458.595603
5454251.308290156,1505626518.4854555
5449244.667560321,1505626578.043074
5520960.729577465,1505626638.0998087
5524350.72,1505626698.0988083
5489231.62210797,1505626758.2630904
5504015.645429363,1505626818.3189454
5467373.232294617,1505626878.0419345
5563980.161803713,1505626938.0409908
5522254.826558266,1505626998.0439887
5519597.916442049,1505627058.2629504
5419194.719072165,1505627118.1515942
5582420.443243243,1505627178.2067862
5401562.045070423,1505627238.043346
5511350.958974359,1505627298.0404189
5425415.403141362,1505627358.0397043
5498703.694148936,1505627418.0956233
5523093.994818653,1505627478.151371
5502019.720867209,1505627538.040954
5520824.576,1505627598.5981114
5491008.525280898,1505627658.0423415
5476233.413436692,1505627718.1507447
5531935.002808989,1505627778.7080872
5525767.622282608,1505627838.1535094
5441968.363128492,1505627898.0426884
5554855.048387097,1505627958.3175743
5387888.586666667,1505628018.040715
5462176.852331607,1505628078.0980356
5454577.332460733,1505628138.265967
5496549.263586956,1505628198.2087176
5610989.7002583975,1505628258.041965
5430277.164864865,1505628318.0420325
5444999.132596685,1505628378.1521585
5509307.827777778,1505628438.1508467
5550552.976439791,1505628498.1506147
5481147.713450292,1505628558.1510813
5453146.729381443,1505628618.0414913
5562062.24109589,1505628678.04314
5485578.055710306,1505628738.151259
5435627.6161616165,1505628798.153164
5411993.4804177545,1505628858.4842064
5499149.617021277,1505628918.206113
5473862.334231806,1505628978.0967426
5515613.224867725,1505629038.1526217
5514255.623306233,1505629098.2071548
5433953.40960452,1505629158.0427334
5412457.040920716,1505629218.0957708
5589695.305177112,1505629278.2071235
5466956.462184874,1505629338.0403018
5486696.508474576,1505629398.0981946
5501160.307277628,1505629458.8190773
5434658.572944297,1505629518.3185434
5459128.3107049605,1505629578.375424
5460726.716535433,1505629638.0411117
5495662.423728813,1505629698.0430427
5553976.050632912,1505629758.153769
5415988.734246575,1505629818.0954015
5493896.669333333,1505629878.266339
5484146.903225807,1505629938.2620163
5472761.209476309,1505629998.0969405
5502165.190058479,1505630058.1546736
5455546.9921875,1505630118.0435824
5465899.633053222,1505630178.0423028
5462607.1284916205,1505630238.098299
5413115.937810945,1505630298.1547072
5406911.425,1505630358.3214035
5504393.068681318,1505630418.0970066
5513268.360742706,1505630478.043072
5503102.221938776,1505630538.541528
5463080.763586956,1505630598.0428011
5439413.305785124,1505630658.3761675
5459004.978723404,1505630718.3222132
5575839.692520776,1505630778.3770368
5440359.325581395,1505630838.1531923
5440400.6493150685,1505630898.209249
5512340.804749341,1505630958.2094164
5483938.368852459,1505631018.0955882
5465601.807486631,1505631078.0964682
5427486.401028277,1505631138.1538334
5534031.0535211265,1505631198.3213053
5512038.878947369,1505631258.096269
5445369.380829016,1505631318.0448158
5466782.634666666,1505631378.0958707
5506135.132596685,1505631438.0403464
5512143.849104859,1505631498.3207307
5504829.510086455,1505631558.0984561
5470600.81185567,1505631618.0958967
5455708.307692308,1505631678.208944
5499333.634078212,1505631738.2079203
5444101.722955145,1505631798.097646
5437898.785353536,1505631858.0957513
5459071.1284916205,1505631918.0996368
5555874.810880829,1505631978.2070396
5506623.664041995,1505632038.0971317
5491235.605978261,1505632098.1533713
5435431.375690607,1505632158.0975287
5423033.148337596,1505632218.3216987
5590422.754617414,1505632278.0428762
5495835.24863388,1505632338.0989585
5423873.026595744,1505632398.0986564
5535646.455729167,1505632458.0990207
5466335.675287357,1505632518.096691
5509868.714285715,1505632578.0426762
5412378.083333333,1505632638.2625525
5581400.6344086025,1505632698.0430763
5462456.462566845,1505632758.044097
5520420.684491979,1505632818.1535995
5461088.991712707,1505632878.0986214
5518372.525885559,1505632938.0425196
5482394.850515464,1505632998.0962648
5618674.024128687,1505633058.044453
5439756.686327077,1505633118.0991793
5433046.42506812,1505633178.0985565
5534306.977900553,1505633238.1000288
5407716.606299212,1505633298.0984008
5410926.337563451,1505633358.0437124
5481057.091603054,1505633418.0416172
5525954.909090909,1505633478.3204713
5540409.873684211,1505633538.209051
5499011.671232876,1505633598.1521187
5420736.528767123,1505633658.041027
5457291.617486339,1505633718.099596
5494271.002525252,1505633778.0409553
5487328.440111421,1505633838.207808
5449416.637532134,1505633898.1524544
5480760.021680217,1505633958.1534219
5454737.793565684,1505634018.043326
5435384.048899756,1505634078.1529775
5439589.992307693,1505634138.20937
5491156.150537634,1505634198.5989456
5495532.948453608,1505634258.0422966
5516234.307692308,1505634318.0966296
5447617.462566845,1505634378.0990465
5504919.0414364645,1505634438.0409944
5497614.409793815,1505634498.0406907
5585960.175675675,1505634558.154393
5432568.115068493,1505634618.044088
5429537.523160763,1505634678.0987544
5504258.406735751,1505634738.0443716
5414763.1630434785,1505634798.3773015
5397032.935400517,1505634858.09723
5458479.7448453605,1505634918.0981057
5485758.210106383,1505634978.599689
5541809.69035533,1505635038.0981994
5522740.5587467365,1505635098.3192806
5427878.693333333,1505635158.2657673
5493985.252717392,1505635218.0414748
5472152.332493703,1505635278.0423062
5516833.159340659,1505635338.0991735
5510079.116580311,1505635398.3200886
5383228.747159091,1505635458.0996068
5509913.512,1505635518.3751113
5442364.446700508,1505635578.2647321
5404436.119402985,1505635638.1545644
5521323.853658536,1505635698.2080917
5516597.344827586,1505635758.0415132
5499008.544080605,1505635818.0977116
5487937.305177112,1505635878.431972
5497519.832417582,1505635938.100418
5517774.968253968,1505635998.041988
5535914.350404313,1505636058.043823
5446636.938337802,1505636118.0422435
5415459.772845953,1505636178.6537182
5486399.887728459,1505636238.37701
5394996.877777778,1505636298.1535597
5440291.551181102,1505636358.2659118
5433901.273901809,1505636418.2121367
5501430.210242587,1505636478.1527634
5465450.132653061,1505636538.0426033
5512380.670270271,1505636598.4874282
5447293.360742706,1505636658.1564317
5474363.199468086,1505636718.2671974
5507446.197889182,1505636778.208463
5561742.422857143,1505636838.3217146
5432884.750642673,1505636898.0981443
5437341.364640884,1505636958.1540606
5573611.91135734,1505637018.1557674
5379206.802083333,1505637078.1554925
5436681.913157894,1505637138.042622
5483520.105978261,1505637198.1535666
5501721.325333334,1505637258.320807
5500540.851662404,1505637318.263772
5442256.629834254,1505637378.2096822
5464831.530259366,1505637438.2096703
5534467.567204301,1505637498.209912
5500841.106598984,1505637558.4334831
5482565.373937677,1505637618.2099593
5387929.005208333,1505637678.1006198
5510188.688705234,1505637738.0424695
5398640.02247191,1505637798.3754447
5417896.017326733,1505637858.2106154
5391734.267716535,1505637918.654992
5499142.48787062,1505637978.0977283
5487566.72899729,1505638038.156219
5477108.691919192,1505638098.4339585
5467064.86908078,1505638158.0435557
5516072.256338028,1505638218.1000679
5430845.85106383,1505638278.2696776
5521449.486486486,1505638338.490538
5390596.936464088,1505638398.3202608
5446314.866666666,1505638458.098412
5469768.109660574,1505638518.6572645
5446314.353099731,1505638578.0456765
5433118.017811704,1505638638.155423
5475263.777202073,1505638698.5999832
5427155.390581718,1505638758.0466902
5538156.945945946,1505638818.2095869
5480876.306068602,1505638878.1570966
5470360.601049868,1505638938.2107673
5518972.38,1505638998.1000564
5474500.081424937,1505639058.2683625
5461307.583798883,1505639118.0996847
5473590.957894737,1505639178.1000605
5446825.541310541,1505639238.6580272
5464559.1803713525,1505639298.2124326
5400736.74009901,1505639358.4870958
5421829.948051948,1505639418.2112164
5515155.043360434,1505639478.2685466
5491110.774025974,1505639538.1574662
5480218.75,1505639598.0461664
5487592.955922865,1505639658.3233337
5419763.260504202,1505639718.0978029
5452619.984615385,1505639778.0980682
5531887.032520325,1505639838.101119
5423360.480662984,1505639898.0425115
5426902.734972677,1505639958.155628
5510536.904392765,1505640018.1538217
5444264.218579235,1505640078.1012325
5469383.951406649,1505640138.0418787
5400601.417525773,1505640198.100094
5487704.016483516,1505640258.2674341
5509515.9291139245,1505640318.1555374
5455008.95,1505640378.3753407
5540650.15945946,1505640438.0425105
5521574.515235457,1505640498.042197
5456055.244155844,1505640558.208789
5494475.530555556,1505640618.7088869
5498455.904639175,1505640678.2126262
5442905.416184971,1505640738.1010036
5495499.4628099175,1505640798.2101486
5413205.955613577,1505640858.0445087
5407622.799019608,1505640918.045735
5443885.527932961,1505640978.0422056
5561497.692708333,1505641038.15666
5526216.077720207,1505641098.3767986
5500816.290055249,1505641158.4868639
5447495.461111112,1505641218.2101336
5463917.054545455,1505641278.045589
5543130.642857143,1505641338.155361
5527901.622950819,1505641398.153241
5433119.210106383,1505641458.2645488
5508584.259358289,1505641518.3779287
5386516.646892656,1505641578.1546164
5427917.199501247,1505641638.100443
5408459.386243386,1505641698.0454566
5489485.15926893,1505641758.265735
5497428.153846154,1505641818.0424144
5497055.163588391,1505641878.044579
5482034.810298103,1505641938.1547017
5520717.107611548,1505641998.2688916
5512977.938461538,1505642058.209574
5591432.081521739,1505642118.0466588
5446875.91598916,1505642178.1548414
5442410.942307692,1505642238.0453954
5495723.371900827,1505642298.0453122
5362946.210666667,1505642358.2127101
5432170.764556962,1505642418.046657
5459890.90616622,1505642478.0468934
5515862.232686981,1505642538.1568239
5551322.346153846,1505642598.323229
5496196.38121547,1505642658.3792348
5430374.389645777,1505642718.3802907
5507945.165760869,1505642778.0428975
5531994.114713217,1505642838.2124288
5484679.277777778,1505642898.3779478
5473483.249357327,1505642959.09988
5492765.742547425,1505643019.2654784
5466888.953038674,1505643079.1016295
5421402.489051095,1505643139.0988832
5437987.065445026,1505643199.376312
5470040.798387097,1505643259.1023657
5462598.490956073,1505643319.7675073
5523420.11023622,1505643379.2122102
5488901.939226519,1505643439.324185
5554627.8369565215,1505643499.32426
5483836.425692695,1505643559.2651913
5516179.991643454,1505643619.1551752
5452269.053370787,1505643679.266246
5446461.422764228,1505643739.135269
5502197.06443299,1505643799.2106762
5399282.253369273,1505643859.0443301
5450457.169191919,1505643919.1581237
5436034.64921466,1505643979.1579432
5497744.845333333,1505644039.0457556
5584398.099236641,1505644099.0440674
5472772.341530055,1505644159.0449238
5476633.01897019,1505644219.0464337
5574170.913649025,1505644279.4910448
5451332.600502512,1505644339.1009262
5482480.887052341,1505644399.1021008
5516639.712041885,1505644459.099117
5425591.44414169,1505644519.046824
5549612.073369565,1505644579.1542578
5474404.828358209,1505644639.3774154
5424016.211195929,1505644699.099324
5498947.894308943,1505644759.0987046
5501841.994623655,1505644819.1009996
5518147.987437186,1505644879.2660134
5485477.877049181,1505644939.267301
5478428.260387812,1505644999.0457761
5530684.106951872,1505645059.1560621
5491671.848404256,1505645119.0457945
5468177.165745856,1505645179.1003795
5455008.471649485,1505645239.155905
5481759.475452197,1505645299.045477
5416938.413978495,1505645359.0998013
5462625.700767264,1505645419.1012733
5434731.342857143,1505645479.0464664
5498359.088,1505645539.3794868
5516710.464751958,1505645599.212631
5460797.842105263,1505645659.0461683
5493892.536986302,1505645719.211742
5473860.627071823,1505645779.545103
5410640.803571428,1505645839.211647
5475195.238764045,1505645899.0471637
5466245.492307693,1505645959.1577997
5423036.493074792,1505646019.1008065
5493422.205263158,1505646079.0460024
5432691.674185463,1505646139.266164
5409711.824120603,1505646199.213352
5374211.588541667,1505646259.0474274
5556661.306068602,1505646319.0435724
5493974.444162437,1505646379.2107344
5466712.055555556,1505646439.0476775
5439720.997237569,1505646499.0457258
5504861.075880758,1505646559.1010087
5522946.347150259,1505646619.0438552
5456309.228650138,1505646679.156782
5440253.781333333,1505646739.045464
5482149.590330789,1505646799.0445104
5409560.557377049,1505646859.0462239
5430847.421836228,1505646919.3232706
5428751.580152672,1505646979.5459907
5530483.719794344,1505647039.601227
5528480.72899729,1505647099.047718
5542261.2,1505647159.101108
5463710.115485564,1505647219.0437033
5483105.160857908,1505647279.157797
5443242.010526316,1505647339.547519
5577738.896457765,1505647399.0472386
5399423.2272727275,1505647459.21081
5447919.918309859,1505647519.156918
5494140.497395833,1505647579.3784175
5451502.877984085,1505647639.3786647
5412389.056930693,1505647699.0437577
5485786.9617346935,1505647759.102623
5484271.54353562,1505647819.2127612
5601882.2275,1505647879.548119
5522233.533692722,1505647939.6585093
5421944.451086956,1505647999.0993772
5473984.411924119,1505648059.3237772
5488718.172151899,1505648119.1019871
5508285.738888889,1505648179.1556025
5457079.041131105,1505648239.4915533
5434881.939226519,1505648299.211092
5440907.8994565215,1505648359.5453796
5404606.360696518,1505648419.3246439
5412586.136708861,1505648479.0444756
5552844.528150134,1505648539.1581724
5489991.194805195,1505648599.3808699
5553529.520618557,1505648659.380338
5442957.978142076,1505648719.211772
5471257.516483516,1505648779.212181
5502099.193211488,1505648839.3805044
5532475.781914894,1505648899.4897265
5467509.108695652,1505648959.3779478
5476252.324099723,1505649019.0438569
5502775.971052632,1505649079.1580372
5415098.1462141,1505649139.2140505
5485653.368686869,1505649199.1584966
5460109.140664961,1505649259.2103744
5456989.902631579,1505649319.1013887
5532544.9362244895,1505649379.1031883
5461736.691919192,1505649439.0468657
5475504.331476323,1505649499.2130775
5532309.610354223,1505649559.0482051
5525931.339473684,1505649619.1580267
5496156.957507082,1505649679.213541
5475634.577023499,1505649739.0445595
5474266.869942197,1505649799.1001773
5492544.768595042,1505649859.156248
5400038.690773067,1505649919.0459294
5442199.179028133,1505649979.1022968
5490159.421621622,1505650039.046743
5553622.002631579,1505650099.1571345
5470474.159493671,1505650159.655557
5498509.293650794,1505650219.0473619
5411173.816438356,1505650279.100853
5499110.872,1505650339.1028068
5543804.175531914,1505650399.2125382
5417987.914127423,1505650459.158419
5438637.5,1505650519.5452452
5542336.669354838,1505650579.0475745
5413498.978260869,1505650639.267027
5507470.452196382,1505650699.0452836
5456663.328042328,1505650759.2689657
5473959.794195251,1505650819.0998323
5506671.840314136,1505650879.0461793
5496430.867567567,1505650939.1560483
5483444.560209424,1505650999.213761
5513287.748603352,1505651059.1017303
5498208.69895288,1505651119.0448585
5550686.865753424,1505651179.15809
5427655.14893617,1505651239.0476687
5471211.075208914,1505651299.2122543
5477204.950953678,1505651359.436216
5384347.080428954,1505651419.1014862
5436786.422680412,1505651479.0480254
5501692.3544973545,1505651539.100801
5507017.907161804,1505651599.0457103
5568812.686716792,1505651659.9889812
5461682.312328767,1505651719.048446
5413392.293150685,1505651779.0453818
5528207.779255319,1505651839.1586556
5479961.17603912,1505651899.04458
5422598.437853107,1505651959.044693
5513425.099730458,1505652019.1017842
5535262.619444445,1505652079.3800428
5434442.726541555,1505652139.1002746
5422698.912718205,1505652199.2702394
5464866.237467019,1505652259.1007826
5528581.151436032,1505652319.0479677
5498241.323684211,1505652379.546598
5508623.20472441,1505652439.1041205
5459798.754617414,1505652499.1565695
5580343.662198392,1505652559.0487893
5455558.880829016,1505652619.1029468
5540666.314917127,1505652679.15653
5444397.224719102,1505652739.0458448
5488508.955678671,1505652799.3240085
5542827.314285714,1505652859.4913316
5403695.518817204,1505652919.2677438
5444827.428940568,1505652979.269861
5522618.101827676,1505653039.0454473
5505674.398907104,1505653099.0473132
5571737.074742268,1505653159.1583743
5500406.787878788,1505653219.3783014
5415072.538057743,1505653279.325935
5520176.402173913,1505653339.157317
5448336.152671755,1505653399.1033719
5522719.702479339,1505653459.045154
5505699.128205128,1505653519.2148306
5430581.718662953,1505653579.658636
5494475.946524064,1505653639.0450416
5446207.781725888,1505653699.1006596
5400172.192893401,1505653759.0454524
5467371.32884097,1505653819.045835
5553474.894886363,1505653879.4354486
5521832.559366754,1505653939.1033807
5543238.313186813,1505653999.0466928
5485205.2818428185,1505654059.1025324
5496584.104859335,1505654119.0451257
5518743.813471503,1505654179.4372034
5496958.0053619305,1505654239.1577513
5440463.529569892,1505654299.491611
5493200.540540541,1505654359.0483701
5432289.489304813,1505654419.1026897
5533261.559055118,1505654479.0478828
5397618.282051282,1505654539.324913
5549737.825,1505654599.047269
5587185.916010499,1505654659.045502
5506781.386920981,1505654719.271256
5427434.748717949,1505654779.1012278
5525409.642857143,1505654839.1580324
5481751.497474748,1505654899.10272
5531251.438172043,1505654959.2718174
5472291.844736842,1505655019.1572928
5438540.135734072,1505655079.1025963
5513963.103723404,1505655139.1585932
5435243.597368421,1505655199.1044605
5442882.828644501,1505655259.0485365
5443759.113821139,1505655319.1005647
5553132.247311828,1505655379.2136817
5557703.787958115,1505655439.0458045
5475446.876033057,1505655499.0483096
5389800.808625337,1505655559.1574984
5536937.548812665,1505655619.0491145
5524505.4453125,1505655679.102478
5496535.845945946,1505655739.1600924
5444864.635135135,1505655799.1602755
5473766.766937669,1505655859.1580892
5426492.873655914,1505655919.2723505
5418688.935323383,1505655979.657571
5408195.943243243,1505656039.10319
5580677.57967033,1505656099.3810558
5524939.659574468,1505656159.0472684
5525503.464935065,1505656219.102034
5424666.239130435,1505656279.0470824
5501604.970744681,1505656339.2137697
5479944.44414169,1505656399.050416
5541185.490666667,1505656459.2172046
5378056.355437666,1505656519.1057084
5457598.134453782,1505656579.0504096
5439561.621052631,1505656639.2164211
5494761.714285715,1505656699.1590157
5475445.479274611,1505656760.1605406
5401225.288713911,1505656820.1590288
5510866.475,1505656880.1611097
5470584.746556474,1505656940.1059854
5480695.469879518,1505657000.1591315
5468808.697860963,1505657060.0487645
5402269.175925926,1505657120.048532
5482937.145945946,1505657180.047823
5487829.130434782,1505657240.2180262
5458873.519125683,1505657300.1627836
5474294.8101983005,1505657360.6054718
5470585.270422535,1505657420.0486848
5362272.844155844,1505657480.1599543
5440631.489189189,1505657540.4396687
5573280.645714286,1505657600.107086
5519228.085635359,1505657660.2727704
5546095.429333333,1505657720.2154012
5415305.927613941,1505657780.0490232
5478700.3958810065,1505657840.2160256
5470211.348214285,1505657900.2156315
5510978.19212963,1505657960.1607292
5440600.176923077,1505658020.1574647
5417517.212365591,1505658080.0476916
5391478.292433538,1505658140.0492163
5385366.189781022,1505658200.1579936
5482209.662952647,1505658260.1588364
5388338.116216216,1505658320.4362733
5556539.696793003,1505658380.2155163
5519953.635416667,1505658440.0495594
5507898.805797101,1505658500.1036575
5449600.383333334,1505658560.3795364
5476610.485465116,1505658620.213312
5414616.65,1505658680.103021
5503081.985994398,1505658740.3792083
5456433.618181818,1505658800.1042256
5441359.804216867,1505658860.045999
5440074.994397759,1505658920.1036003
5416918.016260163,1505658980.1044984
5412610.299450549,1505659040.0460653
5503125.154069767,1505659100.1568468
5530800.644444444,1505659160.1013007
5497243.470588235,1505659220.1591618
5444373.111782477,1505659280.046916
5399520.614942528,1505659340.1589015
5468761.507418398,1505659400.3264048
5475997.477777778,1505659460.5488079
5412878.568914956,1505659520.0483572
5445869.693215339,1505659580.0461342
5489492.684357542,1505659640.1561227
5456537.4264264265,1505659700.2706192
5472897.27027027,1505659760.15766
5366802.759206799,1505659820.1015663
5496167.156695156,1505659880.2143219
5508375.214854111,1505659940.3246076
5486990.581267217,1505660000.104565
5415016.462765957,1505660060.0467474
5447986.340845071,1505660120.1027968
5442930.414248021,1505660180.0490859
5533435.885793872,1505660240.0489316
5495386.368852459,1505660300.1048305
5413994.209770115,1505660360.4356132
5428199.679558011,1505660420.0477984
5466521.019607843,1505660480.0461364
5431085.265927978,1505660540.1021032
5448734.055555556,1505660600.0477924
5540645.769230769,1505660660.0466866
5495608.6675461745,1505660720.1046703
5425732.863247863,1505660780.1010711
5421943.590296496,1505660840.0494864
5475290.068376068,1505660900.1599271
5456581.600997507,1505660960.0460327
5481163.470254958,1505661020.2140987
5433763.493261456,1505661080.1033473
5446126.438888889,1505661140.1018634
5423924.890140845,1505661200.156635
5463285.812664907,1505661260.214958
5430221.196531792,1505661320.3810484
5515290.333333333,1505661380.0476475
5441972.927027027,1505661440.0487447
5493686.563002681,1505661500.0486388
5397197.111747851,1505661560.04796
5469963.288770054,1505661620.211972
5476443.938666667,1505661680.3823433
5545266.255747126,1505661740.1571112
5446391.988668555,1505661800.3270047
5423567.116991644,1505661860.2682302
5412418.653439153,1505661920.1602495
5460193.766381767,1505661980.2695131
5460542.610169492,1505662040.1612582
5433844.287634409,1505662100.0491035
5573972.175074184,1505662160.0509844
5483089.027027027,1505662220.1604187
5456427.409470752,1505662280.4935412
5423319.9275766015,1505662340.164026
5493545.3313953485,1505662400.2749248
5447052.184895833,1505662460.1051776
5448180.6,1505662520.274116
5478875.901129943,1505662580.162562
5466820.097982709,1505662640.0526092
5557888.170868347,1505662700.1616025
5432166.309589041,1505662760.5503721
5389881.5539772725,1505662820.383364
5512442.029239766,1505662880.1626205
5537953.801169591,1505662940.1082554
5462942.473544974,1505663000.1064043
5477784.099697885,1505663060.050419
5436329.976331361,1505663120.0499501
5411817.165266107,1505663180.2183208
5524107.045454546,1505663240.0516691
5459558.492753623,1505663300.1617906
5451032.229885058,1505663360.274107
5430065.847222222,1505663420.2763686
5428410.988668555,1505663480.0532758
5516007.591954023,1505663540.1095967
5390304.337912088,1505663600.2177567
5551501.420289855,1505663660.1617243
5526450.185863874,1505663720.1067393
5455260.526760563,1505663780.2196298
5426647.477900553,1505663840.0549085
5463031.765395895,1505663900.2194886
5442169.94117647,1505663960.1063693
5570430.679300291,1505664020.0533187
5449495.85359116,1505664080.1627755
5415013.146198831,1505664140.0515308
5483257.5885558585,1505664200.8281732
5434901.528409091,1505664260.0503092
5443595.46361186,1505664320.3827488
5449624.256410256,1505664380.1590242
5529779.277929155,1505664440.0486476
5488461.844504021,1505664500.051041
5498170.307017544,1505664560.6055038
5390795.483425414,1505664620.1601534
5510645.817934782,1505664680.1621594
5523552.623376624,1505664740.4402504
5487600.737752161,1505664800.1595612
5402397.585831063,1505664860.1580985
5446621.411458333,1505664920.2721457
5429771.083086054,1505664980.5490634
5456204.943181818,1505665040.0487306
5415875.937853107,1505665100.216661
5555647.520775624,1505665160.0493267
5533986.053072626,1505665220.270858
5442183.57821229,1505665280.828108
5401519.293800539,1505665340.1050968
5469979.5536723165,1505665400.1217089
5460742.77027027,1505665460.049013
5587251.040462428,1505665520.2704341
5477144.301369863,1505665580.2149699
5430726.170588235,1505665640.0484927
5446907.659154929,1505665700.993458
5429821.653061224,1505665760.3267965
5480615.31871345,1505665820.047471
5441926.019662921,1505665880.1023822
5496181.747191011,1505665940.157557
5493904.416666667,1505666000.1582801
5466933.061281337,1505666060.1567683
5448404.158469945,1505666120.4904182
5463003.283625731,1505666180.878998
5446237.461942257,1505666240.1607327
5508011.762463343,1505666300.0460815
5466934.0502793295,1505666360.159467
5431373.185286104,1505666420.3237922
5458975.513119534,1505666480.1610298
5389429.857142857,1505666540.2715845
5457657.824858757,1505666600.1576211
5474871.982142857,1505666660.436695
5516060.022346369,1505666720.2686982
5488429.976377953,1505666780.159565
5415318.673352435,1505666840.0465777
5434749.227920228,1505666900.1031864
5389007.726519337,1505666960.1039822
5531726.014450867,1505667020.0461006
5430821.189655173,1505667080.2166853
5463926.424068768,1505667140.2713702
5421481.2727272725,1505667200.1576266
5418007.70845481,1505667260.15849
5495280.505747126,1505667320.0461562
5425878.420454546,1505667380.102255
5460692.106936417,1505667440.602142
5509096.515873016,1505667500.1052651
5495709.810734463,1505667560.3247578
5430713.609550562,1505667620.1605258
5464690.666666667,1505667680.3246326
5411513.3160762945,1505667740.2158418
5516377.922636103,1505667800.160603
5491927.6915167095,1505667860.104712
5412860.95335277,1505667920.2159731
5434259.854054054,1505667980.049124
5352902.48603352,1505668040.1032627
5412895.805479452,1505668100.0492077
5497513.458823529,1505668160.1574214
5516932.092140921,1505668220.1046782
5426733.789757413,1505668280.1038196
5490567.284883721,1505668340.1578653
5396727.231607629,1505668400.1031504
5417964.690410959,1505668460.0479307
5585807.374655647,1505668520.326275
5395648.882191781,1505668580.2716439
5436500.697860963,1505668640.2168667
5480304.368852459,1505668700.0513377
5433862.7867036015,1505668760.2156332
5524001.749311294,1505668820.7177098
5421127.265753425,1505668880.3816745
5464854.0849858355,1505668940.04904
5500650.8125,1505669000.3274498
5498920.108033241,1505669060.3255363
5476064.531165312,1505669120.0488598
5454733.541176471,1505669180.0484543
5417375.9460916445,1505669240.047816
5510115.110169492,1505669300.1037161
5493295.026666666,1505669360.2727282
5363715.956772334,1505669420.0490706
5500793.315217392,1505669480.0485427
5458757.402266289,1505669540.0500653
5447127.23872679,1505669600.4945214
5461910.232,1505669660.1076279
5519723.805013928,1505669720.2184253
5481843.8367346935,1505669780.1063762
5424253.454545454,1505669840.1064022
5388156.864721485,1505669900.050846
5437827.718232044,1505669960.33016
5473963.362924282,1505670020.3824906
5471532.777158774,1505670080.271913
5435724.530666667,1505670140.326971
5477910.962162162,1505670200.05016
5415333.982954546,1505670260.2189558
5497118.546419098,1505670320.8815787
5393001.052478134,1505670380.0495234
5492604.297814208,1505670440.1606178
5468350.217506631,1505670500.2718983
5495406.540469974,1505670560.439028
5467747.855955679,1505670620.0508611
5457315.870712401,1505670680.1631353
5411884.824797844,1505670740.381797
5521900.4,1505670800.1596785
5495888.957386363,1505670860.0495548
5431962.5068119895,1505670920.0506682
5432440.622739018,1505670980.0510032
5457175.08864266,1505671040.1607707
5470301.26183844,1505671100.216359
5442032.135638298,1505671160.1632612
5562733.885558583,1505671220.1626391
5452011.528205128,1505671280.1047175
5494873.557746479,1505671340.1630013
5404712.332439679,1505671400.1039073
5444363.0710227275,1505671460.0510087
5451882.753180661,1505671520.4961126
5490402.946927374,1505671580.0510776
5452107.915760869,1505671640.0509403
5435165.377464789,1505671700.218459
5453545.962059621,1505671760.4403608
5459844.844686649,1505671820.326504
5397307.194225722,1505671880.3266368
5497881.082417582,1505671940.1065133
5488349.2512953365,1505672000.1612005
5422192.896296296,1505672060.0513163
5469369.725,1505672120.1069276
5452791.093582888,1505672180.1634257
5447424.870026525,1505672240.1615944
5558450.445355191,1505672300.2152252
5419780.589041096,1505672360.5485086
5411460.026246719,1505672420.0505123
5438166.548812665,1505672480.1059592
5398616.967302453,1505672540.216666
5483088.190104167,1505672600.1609018
5425226.144772118,1505672660.0527823
5500075.4,1505672720.1049757
5496693.510362694,1505672780.3858511
5475319.800546448,1505672840.049965
5367349.1962864725,1505672900.0499022
5472323.583106267,1505672960.1633148
5456957.7441860465,1505673020.1072059
5456869.290960452,1505673080.050146
5422917.44591029,1505673140.0515597
5427403.534626039,1505673200.1626287
5487054.57027027,1505673260.4382176
5416647.531914894,1505673320.0502174
5444768.982233503,1505673380.1604636
5462934.765363129,1505673440.272276
5516567.185676392,1505673500.162098
5419909.97245179,1505673560.0488806
5528067.761111111,1505673620.2742887
5349178.394594595,1505673680.0518413
5460179.104278075,1505673740.1048505
5469871.170542636,1505673800.1612976
5464478.568115942,1505673860.1065314
5399931.15245478,1505673920.0526125
5564324.369109947,1505673980.162782
5414442.578947368,1505674040.1607647
5422052.279373368,1505674100.2724552
5431060.7744565215,1505674160.0485759
5541763.785714285,1505674220.1632442
5489130.368983957,1505674280.1071334
5472350.443850268,1505674340.3824635
5406456.711640212,1505674400.2182248
5424739.260638298,1505674460.2722554
5403390.609947644,1505674520.1044805
5525368.724431818,1505674580.0508914
5438703.935400517,1505674640.216139
5404218.544943821,1505674700.048958
5474252.93298969,1505674760.4383478
5449382.402234637,1505674820.9412546
5447406.38147139,1505674880.6053967
5457804.426315789,1505674940.0498223
5466804.5962566845,1505675000.3299196
5482194.538258575,1505675060.3820353
5506604.180327869,1505675120.3855999
5426507.122015915,1505675180.1610901
5480619.329608939,1505675240.3833983
5411326.294710328,1505675300.0488174
5553817.723646724,1505675360.3280654
5469321.649595687,1505675420.6057103
5499304.2324324325,1505675480.1062045
5448004.506849315,1505675540.160451
5427611.264864865,1505675600.0057313
5447293.356568364,1505675660.1610491
5471168.713091922,1505675720.0506055
5522671.528947368,1505675780.0509968
5491106.722077922,1505675840.0487998
5439212.723756906,1505675900.1065063
5387934.423592493,1505675960.1047525
5446383.0,1505676020.2176642
5520866.372602739,1505676080.105193
5475539.256198348,1505676140.0494628
5399394.455307263,1505676200.0501325
5440728.241813602,1505676260.4948502
5424322.215258855,1505676320.2150824
5472595.722666667,1505676380.1613238
5393769.332439679,1505676440.1635733
5486108.885793872,1505676500.2184138
5557286.505076142,1505676560.162153
5504566.114206128,1505676620.105661
5403080.110824742,1505676680.1064572
5456273.2861189805,1505676740.2751586
5441474.920424404,1505676800.1057568
5532012.633237822,1505676860.1080601
5394913.324675324,1505676920.160641
5369634.165242165,1505676980.1066096
5479110.544235925,1505677040.1083646
5425664.296587926,1505677100.2164671
5379503.98655914,1505677160.0503635
5439775.308571429,1505677220.1057014
5498782.761394102,1505677280.2731361
5414020.010899182,1505677340.1074219
5469900.265363129,1505677400.217782
5406060.632,1505677460.3297002
5452185.325,1505677520.2164943
5560528.10298103,1505677580.052976
5401713.044444445,1505677640.105858
5437117.292957746,1505677700.161345
5482943.672588833,1505677760.0508106
5401466.811267606,1505677820.4396224
5540720.689373297,1505677880.271504
5420079.836565097,1505677940.163036
5489903.547752809,1505678000.1075106
5537348.926430518,1505678060.0529935
5504713.747851003,1505678120.052853
5420734.682414698,1505678180.1642768
5478457.289256198,1505678240.272197
5465230.835078534,1505678300.052045
5587908.816860465,1505678360.051372
5461627.032520325,1505678420.1089005
5394519.524355301,1505678480.0516021
5493908.096514746,1505678540.494543
5449964.1349862255,1505678600.0533915
5444760.790884718,1505678660.2184415
5497104.008474576,1505678720.1631534
5533413.057534247,1505678780.0511143
5442546.986666666,1505678840.1648974
5457859.8753541075,1505678900.0525131
5361100.071038252,1505678960.274861
5520766.854651162,1505679020.1064134
5510566.406169666,1505679080.3289914
5553295.294117647,1505679140.1649015
5422041.70967742,1505679200.0506566
5585814.273458445,1505679260.109717
5385327.494444445,1505679320.0507312
5524160.877049181,1505679380.162747
5426771.412790698,1505679440.1633935
5520394.426934097,1505679500.1089048
5595185.435045317,1505679560.0525267
5500540.390670554,1505679620.2743669
5421893.364406779,1505679680.329052
5507478.649595687,1505679740.6647475
5473178.229268293,1505679800.164368
5568345.009259259,1505679860.1096532
5398178.180288462,1505679920.2732902
5414695.289411765,1505679980.1072204
5442303.375838926,1505680040.7181873
5452763.163218391,1505680100.1099555
5481910.020642201,1505680160.3301737
5465791.616780045,1505680220.3870857
5505740.381609196,1505680280.8843577
5491961.319248826,1505680340.050669
5474435.709523809,1505680400.050908
5461685.88592233,1505680460.0508769
5512372.378313253,1505680520.2213507
5481657.852017937,1505680580.1660802
5515060.8271604935,1505680640.2191908
5445718.589552239,1505680700.1619742
5506990.277777778,1505680760.0518947
5432915.565701559,1505680820.111127
5521690.3317647055,1505680880.1087418
5437023.060386473,1505680940.1070354
5445752.578817734,1505681000.0529387
5498712.47146402,1505681060.0511847
5470702.820224719,1505681120.0522335
5516016.6024390245,1505681180.0529964
5469327.072429907,1505681240.053952
5470563.20046083,1505681300.1083405
5556369.166666667,1505681360.2180278
5454917.282352941,1505681420.275487
5464204.49537037,1505681480.1081393
5450107.057471264,1505681540.110519
5430014.626450116,1505681600.0552926
5575057.601830663,1505681660.0551693
5410542.753456221,1505681720.1103966
5578853.553699284,1505681780.0518935
5504300.715294118,1505681840.0555105
5470938.225352113,1505681900.056506
5417606.433551198,1505681960.0549288
5515932.459905661,1505682020.1097245
5503536.771618625,1505682080.3297293
5521609.487623762,1505682140.2187836
5508622.881670534,1505682200.0534296
5466155.327710844,1505682260.1078112
5501842.481220657,1505682320.1595557
5545313.302600473,1505682380.339976
5444607.0344827585,1505682440.0542722
5456276.44680851,1505682500.0152833
5573608.660508083,1505682560.065996
5511574.858108108,1505682620.077995
5547213.690243903,1505682680.1429248
5440096.593533487,1505682740.2131345
5530556.066964285,1505682800.068756
5495749.137168142,1505682860.443271
5497507.083333333,1505682920.0503664
5387327.6,1505682980.1092544
5471387.689814814,1505683040.0030878
5436185.071599046,1505683100.1672726
5526372.67260579,1505683160.117709
5436402.162735849,1505683220.0632677
5591012.881927711,1505683280.0701773
5507010.940229885,1505683340.0184207
5487329.214285715,1505683400.0229883
5440617.645308925,1505683460.3044446
5480676.841743119,1505683520.090318
5476176.683146067,1505683580.0272145
5579259.067915691,1505683640.1346827
5535016.564102564,1505683700.0234776
5424711.697619048,1505683760.0208473
5477095.741339492,1505683820.188055
5498737.170068027,1505683880.9134567
5513614.027210885,1505683940.4699125
5471277.0608899295,1505684000.1940308
5537206.402745996,1505684060.1411371
5537480.37037037,1505684120.0894995
5473565.932853717,1505684180.3136306
5437502.480278422,1505684240.0432842
5499357.9541284405,1505684300.3214235
5473984.869565218,1505684360.2129934
5515148.457002457,1505684420.2751174
5432538.954441913,1505684480.610451
5463713.413461538,1505684540.004838
5443064.762331839,1505684600.0854154
5520544.210762332,1505684660.024503
5484630.7323943665,1505684720.0388885
5499080.985714286,1505684780.1250935
5539592.7086247085,1505684840.0470517
5471513.707317073,1505684900.0897255
5488330.353488372,1505684960.1357398
5516976.581699346,1505685020.0150676
5483362.033259423,1505685080.058875
5507157.903153153,1505685140.0649858
5526549.8183962265,1505685200.0677817
5434383.566037736,1505685260.5726323
5504831.798206278,1505685320.0720737
5467736.690531177,1505685380.0149336
5470169.8173302105,1505685440.4011886
5428526.406896552,1505685500.5685625
5546158.82038835,1505685560.0116508
5458073.58276644,1505685620.17575
5494367.721839081,1505685680.0026073
5381648.961275626,1505685740.1674018
5551133.581176471,1505685800.3283112
5450699.990888382,1505685860.1022756
5525124.021028037,1505685920.2650075
5475333.109589041,1505685980.1504354
5485682.848635236,1505686040.3693726
5460824.716553288,1505686100.084272
5470506.400442478,1505686160.5957296
5380351.663551402,1505686220.2176533
5463485.0,1505686280.1166465
5520131.336343115,1505686340.1799839
5388937.325,1505686400.0147736
5425333.100719425,1505686460.0229065
5455110.67260579,1505686520.299322
5473569.511682243,1505686580.0224884
5474093.289099526,1505686640.2443774
5506248.60046729,1505686700.0772896
5397862.835748793,1505686760.0229123
5419615.84295612,1505686820.0207715
5436487.313868613,1505686880.1857097
5499781.4772727275,1505686940.0200114
5415452.95754717,1505687000.1286805
5537594.715346535,1505687060.2233353
5500561.990740741,1505687120.0686336
5530547.973995272,1505687180.0733337
5384131.849223947,1505687240.0159724
5466613.279816514,1505687300.076857
5458092.6039823005,1505687360.1895258
5510814.712560386,1505687420.0765595
5435710.021428571,1505687480.0224729
5399080.389294404,1505687540.0804584
5437096.808056872,1505687600.2474542
5473950.284009547,1505687660.0252655
5439763.165116279,1505687720.4702604
5423943.178403756,1505687780.0232291
5506036.570754717,1505687840.1333199
5455772.090697674,1505687900.0242982
5403064.95145631,1505687960.134503
5441379.08275862,1505688020.0206428
5519525.1040723985,1505688080.074861
5484807.160997733,1505688140.076335
5470285.565110565,1505688200.0174863
5410207.179723502,1505688260.0203362
5487566.496453901,1505688320.0702267
5441440.551401869,1505688380.0162616
5475487.263038549,1505688440.014054
5410604.334134615,1505688500.0136998
5501025.798099763,1505688560.232273
5480630.691747573,1505688620.3448863
5480356.78440367,1505688680.0085697
5384361.3433179725,1505688740.0050523
5479083.807424594,1505688800.173214
5467612.360655738,1505688860.1705754
5542709.549883991,1505688920.2234066
5460375.487745098,1505688980.2212858
5425510.209302326,1505689040.21939
5468835.67535545,1505689100.3301177
5445379.103044497,1505689160.1070762
5440353.050343249,1505689220.0543091
5444838.022883295,1505689280.3366272
5553148.221105528,1505689340.1195338
5449514.853546911,1505689400.069674
5468587.926436782,1505689460.1268375
5428890.577197149,1505689520.0193765
5481635.881188119,1505689580.1878822
5465346.178082191,1505689640.0222628
5472506.262376238,1505689700.1918967
5493333.222222222,1505689760.0828402
5455815.136585366,1505689820.1958003
5492326.585253457,1505689880.306712
5519811.184931506,1505689940.0851398
5429257.625866051,1505690000.0871513
5472074.472154964,1505690060.090813
5536713.901678657,1505690120.0877078
5465756.234624146,1505690180.0327353
5458221.9758454105,1505690240.1438751
5426782.364066194,1505690300.0331295
5481745.607142857,1505690360.0881145
5469739.097387173,1505690420.0888524
5427421.068627451,1505690480.0891082
5419460.321596244,1505690540.2558808
5506968.929078015,1505690600.0313046
5448877.636579572,1505690660.1984682
5567501.469194313,1505690720.0311422
5420098.394977169,1505690780.084017
5534197.830049261,1505690840.420756
5445659.893719806,1505690900.3091917
5477173.917475728,1505690960.082285
5398761.570071259,1505691020.0262094
5510148.7169811325,1505691080.13886
5481927.799097066,1505691140.0817628
5563486.344578314,1505691200.1934636
5445124.60900474,1505691260.3061376
5470672.176328503,1505691320.474962
5481042.594339622,1505691380.141204
5474772.708428246,1505691440.0350862
5473280.093607306,1505691500.091354
5431787.796163069,1505691560.146694
5576240.324009324,1505691620.092652
5495768.48,1505691680.0974934
5442371.3040201,1505691740.1524935
5397274.758454106,1505691800.0409665
5505290.917840376,1505691860.0973616
5501279.823798627,1505691920.2080688
5477969.639225181,1505691980.10028
5363337.867924528,1505692040.2661245
5498728.983606557,1505692100.0449471
5501639.811904762,1505692160.0992315
5540305.955357143,1505692220.0441074
5488353.352941177,1505692280.0999272
5497651.811138014,1505692340.1538544
5538025.928909953,1505692400.045805
5481766.9616306955,1505692460.0460248
5425375.643867925,1505692520.2105289
5514375.695454545,1505692580.0463147
5483720.115566038,1505692640.0465016
5570477.301234568,1505692700.099132
5519451.583732057,1505692760.2094376
5427056.092682927,1505692820.266028
5463763.946759259,1505692880.3237813
5510914.816705337,1505692940.0991275
5449154.501187649,1505693000.0990136
5460886.737819025,1505693060.2653828
5545741.604761905,1505693120.0422714
5520096.669642857,1505693180.040989
5432088.711217184,1505693240.487641
5407510.78271028,1505693300.099225
5510500.224537037,1505693360.266215
5441423.082222222,1505693420.1549978
5487131.6545012165,1505693480.046226
5406393.800464037,1505693540.158423
5495470.186046512,1505693600.0481715
5475761.287330316,1505693660.2157145
5529383.029213483,1505693720.0496535
5481514.101654846,1505693780.1073077
5443186.670673077,1505693840.1049616
5547320.098321343,1505693900.0540235
5503820.838926175,1505693960.0514474
5443182.486810552,1505694020.1082087
5502101.620224719,1505694080.165096
5446759.13225058,1505694140.2209814
5568619.0919811325,1505694200.163636
5456287.111888112,1505694260.6640859
5425195.737089202,1505694320.3326538
5491184.5322580645,1505694380.0547893
5524532.872685186,1505694440.2745175
5458286.881165919,1505694500.1074584
5429277.439429929,1505694560.2739847
5526334.980392157,1505694620.052292
5558853.685714286,1505694680.0555742
5483008.329411765,1505694740.2779171
5366010.917274939,1505694800.1112745
5518692.808716707,1505694860.1090984
5458921.157772622,1505694920.2220592
5517968.221945137,1505694980.1663735
5482144.769585254,1505695040.554443
5457184.210784313,1505695100.3878515
5487562.924311927,1505695160.2757776
5497467.735023041,1505695220.2747915
5430816.661214953,1505695280.107242
5470578.8835443035,1505695340.0521555
5534624.317961165,1505695400.1653404
5455167.435294118,1505695460.1639738
5418172.27020202,1505695520.1653795
5448299.944578313,1505695580.108175
5533584.877358491,1505695640.164628
5515961.744471745,1505695700.052784
5498885.328671329,1505695760.3305717
5477881.695121951,1505695820.1076431
5553287.031100478,1505695880.1116333
5464167.735294118,1505695940.1643398
5575355.841986456,1505696000.2200239
5372180.933168317,1505696060.165961
5480717.651629073,1505696120.1103606
5486359.004587156,1505696180.2202735
5484972.845070423,1505696240.2202938
5466851.944055944,1505696300.1103077
5533899.5085574575,1505696360.1073754
5507831.7049180325,1505696420.0541685
5583426.588652482,1505696480.1639843
5493220.986046512,1505696540.1639504
5480942.810606061,1505696600.1078718
5427723.0449172575,1505696660.164475
5499362.475177305,1505696720.0009348
5491185.188442211,1505696780.2762432
5430806.758354756,1505696840.053107
5472639.4778554775,1505696900.2742636
5495591.495391705,1505696960.2181215
5478103.936117936,1505697020.4955952
5555521.585253457,1505697080.1631043
5475462.230582524,1505697140.1091888
5484045.830097088,1505697200.0510166
5509357.8805620605,1505697260.1076174
5517366.709832135,1505697320.3311017
5442605.663484487,1505697380.1062195
5509258.01627907,1505697440.2768688
5466289.163414634,1505697500.2178202
5525169.132352941,1505697560.1084278
5526014.476190476,1505697620.164824
5429125.547029703,1505697680.000467
5505061.995348837,1505697740.2204587
5491717.550251257,1505697800.1673326
5435149.71319797,1505697860.2196984
5470430.227748691,1505697920.3341389
5490787.208226221,1505697980.1115437
5461736.837962963,1505698040.0561962
5478413.59375,1505698100.3323371
5472413.787341773,1505698160.109769
5477809.05060241,1505698220.0563204
5477187.744680851,1505698280.2776685
5499197.752604167,1505698340.168645
5401327.515970516,1505698400.1119857
5436268.095011877,1505698460.497943
5526716.2720207255,1505698521.1658635
5468171.131894484,1505698581.3317
5475490.755102041,1505698641.112428
5501075.209844559,1505698701.1671143
5571101.969387755,1505698761.0009184
5485753.47113164,1505698821.0008667
5481648.578947368,1505698881.164517
5487335.936585366,1505698941.2215998
5479237.832911393,1505699001.109332
5519353.795396419,1505699061.0015657
5478710.594164456,1505699121.053299
5444658.250645995,1505699181.3347504
5483704.203517588,1505699241.056433
5447926.733695652,1505699301.0560396
5525516.218829516,1505699361.1650953
5492691.605527638,1505699421.3874483
5539805.412234043,1505699481.0570416
5512316.877805486,1505699541.112563
5466085.17721519,1505699601.0024276
5488784.618798955,1505699661.1107028
5537776.182741117,1505699721.0011654
5522986.9226932665,1505699781.1151981
5564453.083333333,1505699841.0564644
5470923.898514852,1505699901.1172388
5458364.074168798,1505699961.3375287
5493908.419753087,1505700021.002448
5485691.2919708025,1505700081.1723506
5400842.085858586,1505700141.006212
5512312.140625,1505700201.2252378
5557280.881773399,1505700261.1141348
5470727.344497608,1505700321.0063927
5479841.332487309,1505700381.11532
5500510.838383839,1505700441.1701195
5523682.917948718,1505700501.2272072
5570881.557291667,1505700561.1193619
5505487.942708333,1505700621.0063982
5505145.8630490955,1505700681.2256277
5470109.023809524,1505700741.0073817
5455376.350383632,1505700801.1177309
5571394.106888361,1505700861.0630586
5460915.521628499,1505700921.2815454
5503070.197831978,1505700981.228014
5506367.401477832,1505701041.0069284
5495332.822335025,1505701101.0054357
5541553.393139842,1505701161.1165211
5507550.737967915,1505701221.0052629
5511610.456632653,1505701281.116131
5569023.708791208,1505701341.0618496
5526220.742346939,1505701401.1200843
5361909.177718833,1505701461.3957162
5587983.909793815,1505701521.005904
5489545.507936508,1505701581.6726282
5430079.216494845,1505701641.0040734
5501624.836898396,1505701701.1169553
5587553.296,1505701761.0050786
5534232.213740458,1505701821.2263136
5473100.64893617,1505701881.1175056
5535380.745591939,1505701941.0595694
5551685.706766917,1505702001.0051327
5512521.6816037735,1505702061.5056663
5485613.5013477085,1505702121.115774
5499508.763092269,1505702181.1718068
5527771.196850394,1505702241.060465
