1174825,1506398440.7571747
1175576,1506398500.1461148
1176313,1506398560.2388923
1177328,1506398620.1161113
1178053,1506398680.1338203
1178696,1506398740.2552166
1179397,1506398800.0315878
1180070,1506398860.0367777
1180843,1506398920.0373948
1181533,1506398980.4796758
1182127,1506399040.3099616
1182796,1506399100.313117
1183424,1506399160.0975718
1184127,1506399220.1480992
1184895,1506399280.148252
1186486,1506399340.032032
1187324,1506399400.0961547
1188023,1506399460.5432096
1188758,1506399520.03203
1189541,1506399580.2014444
1190377,1506399640.1423397
1191076,1506399700.1443195
1191669,1506399760.0934355
1192245,1506399820.0913193
1192815,1506399880.1123428
1193851,1506399940.1982763
1194435,1506400000.1973693
1195118,1506400060.0930188
1195880,1506400120.0390346
1196507,1506400180.0350988
1197033,1506400240.0873363
1197782,1506400300.093083
1198643,1506400360.2629552
1199479,1506400420.0399158
1200152,1506400480.2251165
1200883,1506400540.3181517
1201445,1506400600.1430771
1202097,1506400660.034259
1202669,1506400720.143917
1203360,1506400780.199741
1203971,1506400840.0340753
1204900,1506400900.0853446
1205453,1506400960.1972713
1206013,1506401020.3122454
1206675,1506401080.147863
1207355,1506401140.2059612
1207990,1506401200.0353692
1209267,1506401260.1415424
1209825,1506401320.0274057
1210457,1506401380.0313494
1211114,1506401440.4140742
1211648,1506401500.0839815
1212208,1506401560.0299478
1212815,1506401620.693239
1213559,1506401680.3163073
1214096,1506401740.031093
1214993,1506401800.14741
1215627,1506401860.1993194
1216480,1506401920.1476173
1217214,1506401980.086375
1217799,1506402040.1988702
1218313,1506402100.6395347
1218955,1506402160.0846357
1219419,1506402220.0883474
1220017,1506402280.1439495
1220899,1506402340.1441095
1221691,1506402400.199666
1222256,1506402460.0329626
1225332,1506402520.0852823
1226016,1506402580.1494873
1226567,1506402640.140828
1227210,1506402700.8040586
1227786,1506402760.0928566
1228311,1506402820.0878832
1229105,1506402880.0831854
1229676,1506402940.0910795
1230190,1506403000.0295024
1230780,1506403060.0828867
1231318,1506403120.368486
1231860,1506403180.0859897
1232508,1506403240.0351593
1233146,1506403300.2568095
1233801,1506403360.3114069
1234354,1506403420.0279474
1235015,1506403480.0920005
1235585,1506403540.0324876
1236160,1506403600.0280242
1236695,1506403660.1913533
1237484,1506403720.0884922
1238007,1506403780.1409347
1238517,1506403840.0324736
1239017,1506403900.0279744
1239511,1506403960.0835536
1240181,1506404020.091134
1240647,1506404080.03627
1241235,1506404140.0262446
1241662,1506404200.1396885
1242214,1506404260.3643668
1243102,1506404320.1975834
1243539,1506404380.4708757
1244041,1506404440.031717
1244488,1506404500.0258665
1245115,1506404560.0319402
1245649,1506404620.2004116
1246309,1506404680.304211
1246820,1506404740.0289125
1247333,1506404800.0241613
1247812,1506404860.092574
1248384,1506404920.0344486
1249132,1506404980.034837
1249633,1506405040.0809941
1250083,1506405100.0862758
1250528,1506405160.311485
1250952,1506405220.0819857
1251860,1506405280.135501
1252303,1506405340.0349872
1252786,1506405400.029496
1253259,1506405460.0859404
1253568,1506405520.0837905
1254152,1506405580.195068
1254611,1506405640.0306833
1255193,1506405700.028886
1255714,1506405760.1991014
1256238,1506405820.0822043
1256566,1506405880.305938
1257046,1506405940.0269613
1257457,1506406000.5830123
1257897,1506406060.3035576
1258372,1506406120.0272572
1258774,1506406180.1454425
1259209,1506406240.0359683
1259553,1506406300.139491
1260086,1506406360.133019
1260516,1506406420.025181
1261074,1506406480.1949947
1261670,1506406540.0865116
1262150,1506406600.081614
1262877,1506406660.1443079
1263332,1506406720.0240328
1263820,1506406780.088779
1264302,1506406840.0808825
1264746,1506406900.1369197
1265093,1506406960.0823176
1265428,1506407020.1445057
1265789,1506407080.033641
1266195,1506407140.0774784
1266699,1506407200.082808
1267187,1506407260.138338
1267559,1506407320.0235043
1267929,1506407380.0296357
1268435,1506407440.1921299
1268813,1506407500.0840259
1269251,1506407560.3042314
1270095,1506407620.0309014
1270602,1506407680.0845966
1270997,1506407740.1388986
1271324,1506407800.083579
1272064,1506407860.0290444
1272440,1506407920.1393578
1272858,1506407980.3034327
1273217,1506408040.0784888
1273712,1506408100.0203087
1274058,1506408160.188982
1274400,1506408220.1444001
1274761,1506408280.0855596
1275546,1506408340.3656497
1275925,1506408400.1334789
1276422,1506408460.0848656
1277043,1506408520.3028963
1277465,1506408580.0852325
1277834,1506408640.0269408
1278405,1506408700.142597
1278782,1506408760.02313
1280792,1506408820.6421947
1281209,1506408880.0313294
1281607,1506408940.0285783
1281927,1506409000.1949182
1282291,1506409060.025984
1283105,1506409120.256845
1283562,1506409180.0228555
1283871,1506409240.5951989
1284181,1506409300.3026316
1284502,1506409360.1377754
1284788,1506409420.0248795
1285391,1506409480.2533092
1285876,1506409540.3066974
1286246,1506409600.1432834
1286595,1506409660.361411
1286925,1506409720.080714
1287273,1506409780.024585
1287652,1506409840.0298507
1287998,1506409900.0232496
1288345,1506409960.246706
1289598,1506410020.0308151
1289927,1506410080.0217977
1290290,1506410140.0865648
1290649,1506410200.1945977
1291118,1506410260.0555902
1291511,1506410320.191154
1291899,1506410380.196846
1292263,1506410440.2432942
1292669,1506410500.0791638
1293045,1506410560.0303504
1293464,1506410620.4736443
1293867,1506410680.3636918
1294201,1506410740.0269654
1294482,1506410800.3540516
1295133,1506410860.4688427
1295504,1506410920.13439
1295856,1506410980.032967
1296286,1506411040.0249312
1296919,1506411100.0237696
1297169,1506411160.1311846
1297503,1506411220.6400504
1297787,1506411280.4234984
1298159,1506411340.185017
1298587,1506411400.080104
1298955,1506411460.301139
1299285,1506411520.0260139
1299613,1506411580.0283432
1299964,1506411640.0828838
1300283,1506411700.0241778
1300750,1506411760.4693723
1301117,1506411820.0194814
1301504,1506411880.0780582
1301846,1506411940.1368115
1302173,1506412000.0174904
1302656,1506412060.0227032
1303021,1506412120.0757148
1303353,1506412180.356551
1303674,1506412240.07828
1304050,1506412300.2421088
1304382,1506412360.1894994
1304703,1506412420.1317363
1305076,1506412480.0298555
1305381,1506412540.0781913
1305713,1506412600.082508
1306051,1506412660.075544
1306356,1506412720.2476275
1306648,1506412780.1894245
1306948,1506412840.0202148
1307330,1506412900.027863
1307741,1506412960.0191827
1308016,1506413020.353797
1308286,1506413080.0835724
1308700,1506413140.2981236
1309024,1506413200.0182242
1309344,1506413260.1356604
1309697,1506413320.0228994
1310013,1506413380.020929
1310270,1506413440.133569
1310622,1506413500.4676857
1310951,1506413560.2951841
1311291,1506413620.075698
1311576,1506413680.0248716
1311950,1506413740.083464
1312281,1506413800.18811
1312717,1506413860.0276704
1313054,1506413920.0822546
1313437,1506413980.243528
1313880,1506414040.131981
1314247,1506414100.0768826
1314541,1506414160.0781322
1315699,1506414220.0331903
1316029,1506414280.1854556
1316278,1506414340.0727968
1316601,1506414400.0161119
1316950,1506414460.2940161
1317207,1506414520.1386416
1318127,1506414580.1314867
1318450,1506414640.0224383
1318792,1506414700.021924
1319069,1506414760.632116
1319493,1506414820.0206218
1319761,1506414880.020672
1320046,1506414940.0816882
1320296,1506415000.3525546
1320541,1506415060.2491512
1320889,1506415120.0193062
1321217,1506415180.799935
1321553,1506415240.0187614
1322389,1506415300.0354826
1322642,1506415360.2529128
1322982,1506415420.021161
1323332,1506415480.0152497
1323653,1506415540.0298126
1324017,1506415600.1307917
1325862,1506415660.025595
1326133,1506415720.3581846
1326442,1506415780.0327425
1326727,1506415840.1341732
1328822,1506415900.079779
1329187,1506415960.0200877
1329569,1506416020.1325676
1329804,1506416080.18219
1330148,1506416140.184942
1330431,1506416200.0216272
1330763,1506416260.0148284
1331107,1506416320.7413943
1331382,1506416380.0255392
1331706,1506416440.0710578
1331950,1506416500.5214088
1332245,1506416560.1305218
1332515,1506416620.135975
1332829,1506416680.021703
1333193,1506416740.13054
1333500,1506416800.4683762
1333804,1506416860.355119
1334176,1506416920.1373494
1334542,1506416980.1336892
1334931,1506417040.179972
1335267,1506417100.1849453
1335618,1506417160.0733278
1335987,1506417220.0715735
1336323,1506417280.1807435
1336881,1506417340.074903
1337305,1506417400.0785758
1337562,1506417460.2374632
1337835,1506417520.4578798
1338176,1506417580.021052
1338436,1506417640.017695
1338736,1506417700.0700366
1339055,1506417760.079673
1339465,1506417820.0734484
1339759,1506417880.4124477
1340058,1506417940.1311119
1340356,1506418000.014817
1340688,1506418060.0762293
1341004,1506418120.1301196
1341348,1506418180.130414
1341616,1506418240.0178785
1342277,1506418300.3467586
1343176,1506418360.0721514
1345946,1506418420.1839204
1346166,1506418480.1306152
1346573,1506418540.4676151
1346938,1506418600.0208151
1347217,1506418660.235559
1347489,1506418720.0757735
1347770,1506418780.069456
1348098,1506418840.075492
1348389,1506418900.2391272
1348680,1506418960.1810436
1348982,1506419020.1338942
1349231,1506419080.0765388
1349498,1506419140.0182276
1349766,1506419200.0180738
1350013,1506419260.0229824
1351342,1506419320.0206099
1351635,1506419380.0225985
1351991,1506419440.1861317
1352231,1506419500.96083
1352481,1506419560.1249776
1353135,1506419620.0747986
1353410,1506419680.1308455
1353646,1506419740.1795015
1353929,1506419800.5145879
1354167,1506419860.1331234
1354406,1506419920.0754933
1354722,1506419980.2381306
1355178,1506420040.0737863
1355444,1506420100.0756602
1355770,1506420160.2349474
1355995,1506420220.2404423
1356275,1506420280.0728633
1356826,1506420340.0168774
1357091,1506420400.1790514
1357391,1506420460.0179303
1357749,1506420520.2909298
1358055,1506420580.0220053
1358372,1506420640.2981708
1358711,1506420700.1825445
1358986,1506420760.1812723
1359301,1506420820.1841424
1359620,1506420880.0764806
1359911,1506420940.2998323
1360176,1506421000.185733
1360486,1506421060.6841938
1360816,1506421120.012422
1361146,1506421180.0106475
1361513,1506421240.076153
1361815,1506421300.1805742
1362070,1506421360.010306
1362381,1506421420.182595
1362615,1506421480.0216765
1362914,1506421540.1809847
1363177,1506421600.0132935
1363652,1506421660.237184
1363957,1506421720.1268575
1364195,1506421780.014623
1364473,1506421840.1301494
1364817,1506421900.1811512
1365154,1506421960.0743077
1365504,1506422020.1813264
1365785,1506422080.1238384
1366054,1506422140.06805
1366371,1506422200.2432628
1366658,1506422260.3992004
1366978,1506422320.5717032
1367299,1506422380.0671232
1367651,1506422440.0736685
1367931,1506422500.1232529
1369987,1506422560.2917995
1370246,1506422620.1863174
1370580,1506422680.0735865
1371272,1506422740.0645983
1371649,1506422800.0211904
1371978,1506422860.3519576
1372323,1506422920.2872744
1372638,1506422980.0746002
1372959,1506423040.2344587
1373342,1506423100.1243403
1373611,1506423160.0179007
1373858,1506423220.2972248
1374136,1506423280.0666974
1374435,1506423340.1773684
1374739,1506423400.0659153
1375009,1506423460.2930198
1375314,1506423520.016726
1377224,1506423580.0160275
1377500,1506423640.7190998
1378146,1506423700.0945528
1378503,1506423760.0146258
1379077,1506423820.2881255
1379417,1506423880.0681515
1379771,1506423940.0678544
1380108,1506424000.2396023
1380401,1506424060.0718908
1380670,1506424120.0751095
1380967,1506424180.1769662
1381281,1506424240.5684028
1381593,1506424300.121689
1381920,1506424360.2965436
1382314,1506424420.2316008
1382626,1506424480.1745622
1382922,1506424540.0654655
1383256,1506424600.0097027
1383655,1506424660.0172887
1383988,1506424720.011708
1384419,1506424780.0745091
1384745,1506424840.2344258
1385108,1506424900.068651
1385416,1506424960.2399113
1385732,1506425020.123118
1386154,1506425080.2307324
1386707,1506425140.0725737
1387093,1506425200.3442874
1387503,1506425260.1197252
1387849,1506425320.1274605
1388230,1506425380.513603
1388613,1506425440.0675066
1388946,1506425500.1851144
1389228,1506425560.2963426
1389549,1506425620.073292
1389818,1506425680.0705113
1390361,1506425740.1840742
1390768,1506425800.8263416
1391118,1506425861.0867789
1391564,1506425921.3484712
1391862,1506425981.0131702
1392150,1506426041.2381194
1392540,1506426101.1770043
1392853,1506426161.1226423
1393187,1506426221.2294912
1393471,1506426281.119843
1393801,1506426341.0753007
1394113,1506426401.1217003
1394447,1506426461.1800036
1394839,1506426521.0652955
1395222,1506426581.2906063
1395625,1506426641.2029681
1395924,1506426701.12119
1396287,1506426761.4033384
1396712,1506426821.3461356
1397058,1506426881.234367
1397405,1506426941.628526
1397719,1506427001.0660107
1398003,1506427061.1805124
1398369,1506427121.4542015
1398678,1506427181.1862967
1399496,1506427241.0651839
1400059,1506427301.4588778
1400535,1506427361.1214163
1400839,1506427421.0669456
1401215,1506427481.065669
1401626,1506427541.0638137
1401956,1506427601.230463
1402304,1506427661.130131
1402665,1506427721.2919302
1402982,1506427781.0637145
1403426,1506427841.6233172
1403760,1506427901.1787827
1404150,1506427961.3514204
1404443,1506428021.2364671
1404848,1506428081.4505396
1405256,1506428141.1817303
1406809,1506428201.6220405
1410654,1506428261.1772287
1411062,1506428321.062677
1411414,1506428381.238151
1411806,1506428441.2323248
1412173,1506428501.0654054
1412587,1506428561.179151
1413032,1506428621.3461807
1413400,1506428681.1198883
1413729,1506428741.0707235
1414137,1506428801.1192484
1415603,1506428861.2875314
1415973,1506428921.179643
1416846,1506428981.0619905
1417237,1506429041.3538988
1417716,1506429101.3398774
1418084,1506429161.0649443
1418455,1506429221.1753433
1418772,1506429281.0682561
1419237,1506429341.1217253
1419572,1506429401.2281725
1420686,1506429461.2832432
1422121,1506429521.28436
1422549,1506429581.065636
1423290,1506429641.06104
1423676,1506429701.4554284
1424054,1506429761.1223922
1424579,1506429821.4606645
1425009,1506429881.626564
1425446,1506429941.0642724
1425875,1506430001.0635905
1426191,1506430061.1812756
1426699,1506430121.1738837
1428864,1506430181.2360234
1429192,1506430241.4513264
1429702,1506430301.0677466
1431360,1506430361.1745963
1431896,1506430421.068943
1432271,1506430481.3402429
1432749,1506430541.0598779
1433187,1506430601.289683
1433548,1506430661.125011
1433899,1506430721.0692637
1434281,1506430781.1801507
1434631,1506430841.1208131
1435035,1506430901.0623374
1435378,1506430961.0596168
1435848,1506431021.180136
1436325,1506431081.0650678
1436739,1506431141.451753
1437114,1506431201.3462107
1437608,1506431261.1297991
1438240,1506431321.0689008
1438892,1506431381.2260628
1439326,1506431441.451083
1439824,1506431501.1687346
1440226,1506431561.169984
1440671,1506431621.2820985
1441070,1506431681.0614643
1442060,1506431741.1963112
1442479,1506431801.3460689
1442867,1506431861.0690117
1443338,1506431921.2903428
1443689,1506431981.117509
1444328,1506432041.1676693
1444751,1506432101.3353574
1445260,1506432161.05976
1445814,1506432221.1143045
1446238,1506432281.1130414
1446722,1506432341.114039
1447561,1506432401.120858
1448072,1506432461.065107
1448598,1506432521.1723619
1449051,1506432581.0709758
1449929,1506432641.1224995
1450468,1506432701.1787715
1450914,1506432761.1328967
1451268,1506432821.1232183
1453981,1506432881.1181054
1454304,1506432941.0687897
1454745,1506433001.0597734
1455109,1506433061.1115081
1455597,1506433121.3976438
1456123,1506433181.1138947
1456526,1506433241.2863088
1457129,1506433301.0582263
1458162,1506433361.116215
1459179,1506433421.1171157
1459783,1506433481.060364
1462817,1506433541.7270427
1467912,1506433601.2244503
1468410,1506433661.058105
1469540,1506433721.168541
1470049,1506433781.6771762
1470923,1506433841.117415
1471384,1506433901.0665596
1471851,1506433961.0662997
1472358,1506434021.112829
1472997,1506434081.176996
1473521,1506434141.1124597
1475182,1506434201.1176865
1475786,1506434261.1176975
1476273,1506434321.1767356
1478798,1506434381.3374057
1479254,1506434441.3819702
1480292,1506434501.0571554
1480827,1506434561.4541628
1481354,1506434621.0581563
1481972,1506434681.7216833
1482472,1506434741.058194
1484623,1506434801.619841
1485231,1506434861.1175816
1485789,1506434921.2893462
1486256,1506434981.0587406
1487163,1506435041.1150022
1488460,1506435101.22563
1489441,1506435161.055662
1489933,1506435221.0559366
1491715,1506435281.1658552
1492234,1506435341.1102567
1492999,1506435401.0595384
1493564,1506435461.05334
1494128,1506435521.053574
1494808,1506435581.2219036
1495605,1506435641.1156566
1496265,1506435701.0641472
1496813,1506435761.118433
1497960,1506435821.166115
1498471,1506435881.0544894
1499012,1506435941.0550177
1499570,1506436001.3377876
1500156,1506436061.220965
1500818,1506436121.228326
1504945,1506436181.1183884
1505641,1506436241.331735
1506278,1506436301.2857513
1506987,1506436361.108749
1507599,1506436421.165191
1508274,1506436481.2225735
1508810,1506436541.1740842
1509277,1506436601.1108837
1509917,1506436661.0585954
1510369,1506436721.3894558
1510949,1506436781.2851977
1511451,1506436841.0563457
1512901,1506436901.1677654
1513653,1506436961.1708086
1514089,1506437021.1176004
1515534,1506437081.1647882
1516110,1506437141.3351178
1516799,1506437201.0562098
1517313,1506437261.5062742
1518116,1506437321.0525184
1518746,1506437381.0566328
1519311,1506437441.0588048
1520176,1506437501.1660056
1521838,1506437561.0539029
1523636,1506437621.1149008
1524288,1506437681.1162882
1524860,1506437741.1625967
1525379,1506437801.0609195
1525927,1506437861.2819037
1527209,1506437921.0618608
1527739,1506437981.50484
1528379,1506438041.2571049
1529099,1506438101.827334
1529900,1506438161.1687171
1531593,1506438221.1090207
1532272,1506438281.2748015
1533318,1506438341.0540833
1533967,1506438401.0540402
1534618,1506438461.112415
1535301,1506438521.0574012
1536316,1506438581.0535984
1538299,1506438641.1647894
1540481,1506438701.1120746
1541205,1506438761.054676
1541907,1506438821.1134832
1542718,1506438881.0478573
1543334,1506438941.3339477
1544088,1506439001.9940605
1544705,1506439062.218886
1545345,1506439122.1145136
1546586,1506439182.2789466
1547783,1506439242.2726114
1548333,1506439302.0585546
1549171,1506439362.1103415
1550049,1506439422.1051621
1550885,1506439482.0514226
1551548,1506439542.2747612
1552447,1506439602.055006
1554315,1506439662.0590017
1555013,1506439722.2808793
1555633,1506439782.0549753
1556269,1506439842.0511498
1557443,1506439902.3856354
1558135,1506439962.1623042
1558843,1506440022.113156
1559594,1506440082.0473883
1560306,1506440142.051116
1561088,1506440202.0461383
1561750,1506440262.056212
1562613,1506440322.2237391
1563533,1506440382.3818445
1564346,1506440442.0478742
1565136,1506440502.2230067
1565917,1506440562.2190802
1566636,1506440622.2146077
1567412,1506440682.0475695
1568147,1506440742.0521762
1568943,1506440802.1118662
1569730,1506440862.1053767
1570785,1506440922.2679577
1571579,1506440982.1461697
1572257,1506441042.1088467
1573126,1506441102.0542514
1577185,1506441162.2433233
1577882,1506441222.1048694
1578659,1506441282.1065545
1579621,1506441342.1022756
1580548,1506441402.2172256
1581376,1506441462.106522
1582202,1506441522.0547125
1584506,1506441582.0510623
1585360,1506441642.054919
1586000,1506441702.1045413
1586638,1506441762.1088586
1587877,1506441822.163345
1589991,1506441882.107042
1590782,1506441942.1015265
1591734,1506442002.494038
1592954,1506442062.3330326
1596219,1506442122.1052973
1597104,1506442182.1656072
1597924,1506442242.2221758
1598715,1506442302.1564875
1599445,1506442362.3313253
1600303,1506442422.0434935
1601084,1506442482.100549
1601927,1506442542.267093
1602724,1506442602.3238273
1603941,1506442662.269406
1604625,1506442722.0511642
1605904,1506442782.0532825
1606689,1506442842.3779
1607638,1506442902.0479364
1608336,1506442962.1016724
1609142,1506443022.101396
1609848,1506443082.5432806
1610519,1506443142.4345245
1611462,1506443202.216981
1612178,1506443262.1023026
1613851,1506443322.052198
1614702,1506443382.0456805
1615501,1506443442.3228502
1616199,1506443502.3281486
1617159,1506443562.3241386
1618058,1506443622.2641554
1618847,1506443682.329688
1619872,1506443742.1010582
1622133,1506443802.3800359
1622955,1506443862.0448334
1626083,1506443922.0489755
1626816,1506443982.0510201
1627757,1506444042.1516907
1628694,1506444102.102091
1629473,1506444162.3322997
1630472,1506444222.0993865
1631350,1506444282.1592548
1632267,1506444342.2121696
1633020,1506444402.0415206
1633912,1506444462.0427692
1634708,1506444522.2672424
1635831,1506444582.2729573
1636565,1506444642.1586483
1637435,1506444702.0498075
1638299,1506444762.1612804
1639499,1506444822.210061
1640914,1506444882.1008325
1641805,1506444942.2207868
1642728,1506445002.375102
1643799,1506445062.1602445
1644661,1506445122.152926
1645573,1506445182.2660062
1646523,1506445242.9398758
1647336,1506445302.2619169
1648211,1506445362.0996454
1649326,1506445422.3207366
1650206,1506445482.0978417
1651003,1506445542.1531923
1651958,1506445602.095165
1652901,1506445662.0960348
1653780,1506445722.0431087
1654840,1506445782.0428007
1656185,1506445842.4353242
1657318,1506445902.2700164
1658237,1506445962.1025615
1659175,1506446022.3199747
1660087,1506446082.1004746
1661055,1506446142.0969222
1662193,1506446202.1515524
1664074,1506446262.2081192
1665220,1506446322.0968912
1666738,1506446382.0998034
1667600,1506446442.0462098
1668683,1506446502.0458026
1669765,1506446562.2052486
1670837,1506446622.1023421
1672042,1506446682.1032567
1673241,1506446742.0993829
1674386,1506446802.2119448
1675445,1506446862.541476
1676369,1506446922.0997393
1677399,1506446982.1490345
1678180,1506447042.0365853
1680343,1506447102.1501245
1681309,1506447162.0906258
1682776,1506447222.0442936
1683866,1506447282.208153
1685036,1506447342.2645695
1686080,1506447402.1474776
1687414,1506447462.3692796
1689019,1506447522.541761
1689989,1506447582.1520798
1691045,1506447642.1498222
1692085,1506447702.1507125
1693341,1506447762.153091
1694526,1506447822.3717613
1695691,1506447882.0912912
1697037,1506447942.04325
1698015,1506448002.0398505
1699048,1506448062.0907693
1700133,1506448122.1518688
1701111,1506448182.1507757
1702069,1506448242.6506162
1703034,1506448302.1514163
1704389,1506448362.2013662
1705619,1506448422.2068903
1706587,1506448482.2091265
1707395,1506448542.0419674
1708373,1506448602.0385401
1709970,1506448662.2072303
1710993,1506448722.3670704
1711962,1506448782.0380497
1713011,1506448842.0354705
1714022,1506448902.8149176
1715130,1506448962.149292
1716124,1506449022.2551897
1717402,1506449082.1434996
1718474,1506449142.1492865
1719796,1506449202.254654
1720948,1506449262.2086754
1721882,1506449322.146653
1723206,1506449382.0418754
1724202,1506449442.0904326
1725421,1506449502.2032146
1726404,1506449562.0408244
1727703,1506449622.0349953
1728780,1506449682.5947216
1730365,1506449742.3703222
1732054,1506449802.363183
1733264,1506449862.090477
1734380,1506449922.3720794
1735600,1506449982.0367732
1736744,1506450042.6449013
1737690,1506450102.0340712
1738887,1506450162.20232
1740244,1506450222.0397964
1741344,1506450282.0349286
1742604,1506450342.1413534
1743731,1506450402.200333
1744853,1506450462.203511
1746017,1506450522.0364943
1747259,1506450582.0362675
1748712,1506450642.092659
1750198,1506450702.2574675
1751464,1506450762.0916667
1752672,1506450822.0348823
1754432,1506450882.205451
1755763,1506450942.089004
1757302,1506451002.0430999
1758939,1506451062.2022495
1763189,1506451122.0315416
1764348,1506451182.19471
1765675,1506451242.1563163
1766980,1506451302.2041376
1768189,1506451362.1946733
1769562,1506451422.1436117
1770945,1506451482.090762
1772069,1506451542.0352812
1773060,1506451602.138691
1774355,1506451662.1460078
1775403,1506451722.1390698
1776443,1506451782.0336807
1777574,1506451842.3062437
1778668,1506451902.0906978
1779925,1506451962.198863
1781134,1506452022.0284996
1782437,1506452082.754605
1783894,1506452142.0315816
1785246,1506452202.0920727
1786284,1506452262.136299
1787613,1506452322.088276
1792047,1506452382.0358791
1793288,1506452442.2279458
1794460,1506452502.0352652
1795546,1506452562.0282652
1796963,1506452622.5907943
1798210,1506452682.4155457
1799652,1506452742.034756
1801017,1506452802.0276895
1802174,1506452862.3028748
1803431,1506452922.0347552
1804611,1506452982.1414855
1805773,1506453042.3074608
1806884,1506453102.0287383
1809158,1506453162.029987
1810299,1506453222.1921518
1811439,1506453282.5825632
1812810,1506453342.0815654
1814864,1506453402.1403422
1815899,1506453462.190805
1816940,1506453522.8123448
1818039,1506453582.1999989
1819882,1506453642.0354712
1821341,1506453702.0819972
1822659,1506453762.026007
1823885,1506453822.030844
1826185,1506453882.0261557
1827505,1506453942.0964563
1828658,1506454002.3673267
1829999,1506454062.135403
1831247,1506454122.2223642
1832505,1506454182.099372
1833668,1506454242.0851264
1834795,1506454302.415648
1836027,1506454362.0274656
1837308,1506454422.1398165
1838668,1506454482.0267928
1839508,1506454542.2436655
1840542,1506454602.0451326
1841947,1506454662.0856934
1842992,1506454722.0789592
1845229,1506454782.2465248
1846520,1506454842.0285761
1847605,1506454902.1309757
1848800,1506454962.0241196
1850103,1506455022.3020394
1851406,1506455082.0310435
1853624,1506455142.1626797
1855530,1506455202.2441666
1856901,1506455262.1919448
1858147,1506455322.363498
1859470,1506455382.1325018
1860846,1506455442.0788527
1862449,1506455502.0212674
1863736,1506455562.249593
1865070,1506455622.0822737
1866442,1506455682.135138
1867761,1506455742.3593178
1869032,1506455802.037584
1870286,1506455862.0776694
1872438,1506455922.355617
1873960,1506455982.1338434
1875058,1506456042.0831134
1876218,1506456102.1370053
1877835,1506456162.132766
1879179,1506456222.134732
1880445,1506456282.2492194
1881784,1506456342.2454894
1883001,1506456402.022039
1884213,1506456462.0220892
1885680,1506456522.246128
1886974,1506456582.2436602
1888138,1506456642.1314394
1889330,1506456702.2968974
1890617,1506456762.1386325
1891914,1506456822.1384778
1893380,1506456882.0268633
1894607,1506456942.1317523
1895881,1506457002.0210567
1897221,1506457062.2489781
1898581,1506457122.2489703
1899946,1506457182.017966
1901379,1506457242.2423322
1902795,1506457302.237842
1904274,1506457362.1308773
1906073,1506457422.181758
1908214,1506457482.022563
1909570,1506457542.1858418
1910712,1506457602.0709858
1912079,1506457662.1918461
1913459,1506457722.1340687
1914853,1506457782.020597
1916544,1506457842.0806534
1917784,1506457902.3494058
1919090,1506457962.5795612
1921533,1506458022.016545
1923611,1506458082.0190625
1924768,1506458142.1249573
1926620,1506458202.1358938
1927973,1506458262.3575835
1929907,1506458322.2924197
1931337,1506458382.0175333
1934067,1506458442.0206637
1935553,1506458502.021247
1937315,1506458562.4092777
1938649,1506458622.4588535
1940157,1506458682.3006558
1941617,1506458742.3564608
1943110,1506458802.075706
1944513,1506458862.0710914
1945913,1506458922.2339952
1947091,1506458982.1307576
1948828,1506459042.1333997
1950180,1506459102.2915587
1952336,1506459162.0159068
1953944,1506459222.0219352
1955750,1506459282.0717385
1957001,1506459342.0201738
1958471,1506459402.4025788
1959980,1506459462.0759652
1962519,1506459522.0126483
1963886,1506459582.0209985
1965417,1506459642.1838903
1966696,1506459702.0220737
1968076,1506459762.011857
1969459,1506459822.1317735
1970655,1506459882.0663862
1972841,1506459942.0725563
1974166,1506460002.2912273
1976228,1506460062.3463395
1977494,1506460122.3481164
1978672,1506460182.075773
1979859,1506460242.0199876
1981486,1506460302.0201004
1982771,1506460362.2308714
1984184,1506460422.3450623
1985735,1506460482.0694811
1987198,1506460542.0663702
1988288,1506460602.0204828
1989732,1506460662.1304073
1991284,1506460722.0106738
1992864,1506460782.3994284
1994265,1506460842.1261623
1995774,1506460902.2868614
1997343,1506460962.2343578
1998978,1506461022.0697012
2000782,1506461082.1322815
2002145,1506461142.2961626
2003441,1506461202.0115001
2004944,1506461262.181125
2006320,1506461322.1299198
2009003,1506461382.2373717
2010472,1506461442.0734024
2014473,1506461502.1216073
2016350,1506461562.231646
2017540,1506461622.1268027
2018861,1506461682.3456984
2019943,1506461742.1815383
2022832,1506461802.2334375
2024156,1506461862.1748943
2025570,1506461922.0638068
2026836,1506461982.071037
2028340,1506462042.0727136
2029625,1506462102.1275215
2030870,1506462162.1263409
2032759,1506462222.1274035
2036364,1506462282.065296
2037541,1506462342.347904
2039040,1506462402.0717492
2040406,1506462462.2940967
2042155,1506462522.1753893
2043495,1506462582.6190023
2044856,1506462642.2848494
2046425,1506462702.6710951
2048041,1506462762.0661366
2049512,1506462822.1821244
2050822,1506462882.348761
2052201,1506462942.347788
2053819,1506463002.1766317
2055309,1506463062.1200297
2058214,1506463122.0686858
2059648,1506463182.1816149
2061117,1506463242.1236339
2062421,1506463302.0609603
2064025,1506463362.119255
2065171,1506463422.2351847
2066503,1506463482.0646157
2067845,1506463542.2288203
2068986,1506463602.1206062
2070627,1506463662.1709502
2071932,1506463722.1751065
2073335,1506463782.0646684
2074640,1506463842.2317288
2076144,1506463902.1228805
2077718,1506463962.1172376
2079553,1506464022.0686455
2081339,1506464082.1756473
2082733,1506464142.0660353
2084381,1506464202.119696
2085804,1506464262.0706608
2087128,1506464322.1724055
2088528,1506464382.0634527
2089973,1506464442.2308507
2092837,1506464502.2247605
2094120,1506464562.1129096
2095697,1506464622.7872524
2097170,1506464682.0632148
2098704,1506464742.6226842
2099918,1506464802.1110635
2101524,1506464862.1777909
2102878,1506464922.111849
2106528,1506464982.0600462
2107847,1506465042.4489217
2110202,1506465102.278147
2111417,1506465162.1116402
2112804,1506465222.22477
2114485,1506465282.1674216
2115662,1506465342.1749146
2117022,1506465402.0642543
2118259,1506465462.2274358
2119619,1506465522.114984
2120972,1506465582.115211
2122100,1506465642.061026
2123347,1506465702.1698873
2124734,1506465762.1143234
2126151,1506465822.2315195
2127341,1506465882.2807975
2128559,1506465942.175193
2129996,1506466002.0648704
2131254,1506466062.0575006
2133521,1506466122.167132
2134940,1506466182.1131437
2136519,1506466242.2213852
2137549,1506466302.3360133
2138783,1506466362.2280207
2140076,1506466422.1750143
2141557,1506466482.0568805
2143128,1506466542.1185098
2144474,1506466602.1668055
2146283,1506466662.221153
2149680,1506466722.055841
2151062,1506466782.2771404
2152555,1506466842.3005414
2153754,1506466902.281639
2155130,1506466962.111773
2156215,1506467022.12291
2157696,1506467082.0740626
2158815,1506467142.2798247
2160073,1506467202.0566208
2161423,1506467262.056437
2164505,1506467322.0598688
2165598,1506467382.1664479
2167152,1506467442.5548942
2168464,1506467502.27805
2169625,1506467562.3351395
2170811,1506467622.222865
2172057,1506467682.0550838
2173293,1506467742.166616
2175039,1506467802.1143494
2176255,1506467862.5048406
2177708,1506467922.1167338
2178825,1506467982.0685987
2180141,1506468042.3935094
2181370,1506468102.4446886
2182426,1506468162.6625662
2183673,1506468222.2251782
2186474,1506468282.2732103
2187824,1506468342.0537686
2189180,1506468402.0539865
2190528,1506468462.11551
2191819,1506468522.108902
2193049,1506468582.0483758
2194418,1506468642.3867016
2195652,1506468702.3376353
2196959,1506468762.0519702
2198448,1506468822.0528693
2199955,1506468882.387941
2201135,1506468942.1680384
2202519,1506469002.109223
2203638,1506469062.0502152
2204986,1506469122.105452
2205998,1506469182.051699
2207280,1506469242.1075518
2208502,1506469302.1588585
2209929,1506469362.1128473
2211575,1506469422.2183287
2212767,1506469482.0560827
2213870,1506469542.2766132
2215716,1506469602.0500143
2216601,1506469662.0513575
2217836,1506469722.4958258
2220811,1506469782.1077774
2221924,1506469842.0587447
2222912,1506469902.0571284
2224072,1506469962.1031768
2225455,1506470022.3310213
2226576,1506470082.1682413
2227500,1506470142.161048
2228660,1506470202.6129398
2229875,1506470262.0526493
2231644,1506470322.0548255
2232746,1506470382.052016
2235404,1506470442.1597397
2236570,1506470502.4390185
2237815,1506470562.2164237
2240082,1506470622.1038496
2241280,1506470682.045597
2242386,1506470742.1587117
2243354,1506470802.1582994
2244675,1506470862.0490906
2245812,1506470922.1560996
2246997,1506470982.3821557
2250504,1506471042.1074948
2251595,1506471102.2676218
2253087,1506471162.1592627
2254383,1506471222.2711937
2255728,1506471282.0465364
2256754,1506471342.1587372
2257892,1506471402.1592338
2259073,1506471462.1015196
2260178,1506471522.046175
2261193,1506471582.2172348
2262233,1506471642.1593764
2263456,1506471702.110068
2264615,1506471762.3238256
2265656,1506471822.0463283
2266897,1506471882.0499578
2267881,1506471942.047862
2268850,1506472002.0490873
2269953,1506472062.0588486
2270884,1506472122.109021
2271858,1506472182.214703
2272875,1506472242.1617818
2274118,1506472302.0535007
2275137,1506472362.0439453
2276147,1506472422.1587296
2277495,1506472482.0459988
2278668,1506472542.4355364
2279930,1506472602.0435677
2281105,1506472662.0511858
2282148,1506472722.2099636
2283325,1506472782.044635
2284987,1506472842.1120772
2285869,1506472902.6054277
2287176,1506472962.0462277
2288301,1506473022.1606617
2289246,1506473082.0476577
2290328,1506473142.0426168
2291465,1506473202.0475338
2292574,1506473262.3855724
2293816,1506473322.2675664
2295208,1506473382.051919
2296236,1506473442.3804321
2297483,1506473502.1627069
2299041,1506473562.1623979
2300021,1506473622.0410192
2301457,1506473682.1559374
2302471,1506473742.0431914
2303457,1506473802.2719493
2305275,1506473862.0996623
2306363,1506473922.106289
2307553,1506473982.2636566
2308659,1506474042.4306998
2310497,1506474102.0490863
2311818,1506474162.2143462
2312906,1506474222.376062
2314155,1506474282.0444288
2315609,1506474342.539701
2316751,1506474402.0487907
2318120,1506474462.1555688
2319213,1506474522.3728988
2320277,1506474582.4906373
2322011,1506474642.3217227
2323051,1506474702.0469952
2324027,1506474762.1046197
2325010,1506474822.1543489
2326269,1506474882.0403526
2327265,1506474942.2656083
2329440,1506475002.2603004
2333018,1506475062.3209133
2334121,1506475122.4287338
2335317,1506475182.105622
2336544,1506475242.041513
2337672,1506475302.095688
2338851,1506475362.0430562
2340164,1506475422.10457
2341671,1506475482.039468
2342752,1506475542.044728
2343811,1506475602.0413928
2345065,1506475662.0456831
2346066,1506475722.103501
2347152,1506475782.3194568
2348002,1506475842.1591036
2348942,1506475902.1562939
2349968,1506475962.1525552
2350883,1506476022.3266325
2351955,1506476082.3720753
2353114,1506476142.0420394
2354114,1506476202.0385067
2355144,1506476262.1000607
2356556,1506476322.10471
2357751,1506476382.041094
2358679,1506476442.102404
2359601,1506476502.1530707
2360599,1506476562.0931504
2361799,1506476622.1534219
2362855,1506476682.0934942
2364552,1506476742.0415623
2365509,1506476802.1516836
2366881,1506476862.0435688
2369688,1506476922.0395627
2370632,1506476982.092692
2371665,1506477042.2634952
2372617,1506477102.0928986
2373775,1506477162.0958555
2374723,1506477222.4318492
2375652,1506477282.1014144
2376578,1506477342.2027776
2377568,1506477402.0950847
2380629,1506477462.4348958
2381504,1506477522.2637794
2382803,1506477582.039396
2384306,1506477642.090539
2385185,1506477702.037369
2386407,1506477762.2038734
2389165,1506477823.7139032
2390270,1506477884.052843
2394088,1506477945.050092
53,1506478374.15002
447,1506478434.2097032
1062,1506478494.040419
1777,1506478554.430079
2739,1506478614.0423386
3552,1506478674.0974517
4429,1506478734.3739502
5404,1506478794.042369
6245,1506478854.0974548
7156,1506478914.097004
8261,1506478974.2671285
9172,1506479034.2112856
10080,1506479094.2677011
11126,1506479154.0981083
12027,1506479214.0433757
13015,1506479274.5422795
13978,1506479334.2105587
14898,1506479394.0977354
15918,1506479454.042134
16800,1506479514.0415385
17761,1506479574.0427654
18609,1506479634.0433724
19443,1506479694.0457501
20409,1506479754.0438004
21384,1506479814.1010602
22355,1506479874.046183
23224,1506479934.047395
24141,1506479994.21425
25222,1506480054.3788447
26230,1506480114.0480819
27259,1506480174.3239164
28083,1506480234.1565726
28956,1506480294.2679713
29859,1506480354.1580064
30700,1506480414.0467255
31703,1506480474.1589441
32635,1506480534.5478265
33348,1506480594.3794188
34272,1506480654.324766
35188,1506480714.1037836
36106,1506480774.1583269
37002,1506480834.2144315
37977,1506480894.3791401
38757,1506480954.2139485
39759,1506481014.212672
40635,1506481074.0452602
41627,1506481134.3234031
42630,1506481194.1030288
43555,1506481254.104499
44601,1506481314.6581454
45387,1506481374.10507
46348,1506481434.0476215
47174,1506481494.0478764
48144,1506481554.2156935
49080,1506481614.0512278
49925,1506481674.1065288
50654,1506481734.052424
51595,1506481794.1048818
52494,1506481854.1619258
53560,1506481914.1055617
54482,1506481974.4959886
55477,1506482034.4415202
56278,1506482094.7172415
57002,1506482154.4953318
57869,1506482214.1660976
58680,1506482274.1643288
59781,1506482334.0523617
60643,1506482394.0493386
61509,1506482454.661578
62448,1506482514.0497603
63461,1506482574.2145398
64508,1506482634.0466793
65291,1506482694.4333458
66240,1506482754.1559289
67293,1506482814.321731
68344,1506482874.098216
69231,1506482934.0439332
70165,1506482994.2653062
70970,1506483054.045097
72300,1506483114.042624
73103,1506483174.0966501
73984,1506483234.4306583
74852,1506483294.3223593
75788,1506483354.152697
76754,1506483414.0420861
77528,1506483474.206876
78417,1506483534.097182
79385,1506483594.1521206
80128,1506483654.0963042
81190,1506483714.4321117
82155,1506483774.0977268
82922,1506483834.0972967
83710,1506483894.0955276
84515,1506483954.042602
85346,1506484014.0424087
86216,1506484074.0417664
87095,1506484134.0961666
87980,1506484194.2068756
88777,1506484254.0407622
89626,1506484314.0419664
90322,1506484374.1547372
91188,1506484434.3196907
92043,1506484494.0977519
92877,1506484554.0430744
93601,1506484614.433567
94480,1506484674.0444279
95365,1506484734.0431113
96117,1506484794.4345827
