4884541,1506830410.0582511
4884985,1506830470.0477881
4885612,1506830530.043758
4886040,1506830590.1216989
4886565,1506830650.3776474
4887037,1506830710.2117796
4887502,1506830770.048159
4887983,1506830830.0475993
4889094,1506830890.1572542
4889498,1506830950.0453289
4890004,1506831010.1564631
4890422,1506831070.0475788
4890956,1506831130.268536
4891453,1506831190.0478847
4891891,1506831250.1600947
4892333,1506831310.2683744
4892916,1506831370.1591723
4895642,1506831430.2701085
4896073,1506831490.3252656
4896510,1506831550.0479324
4897094,1506831610.0481951
4899118,1506831670.1055112
4899498,1506831730.105549
4900048,1506831790.1049368
4900529,1506831850.0463085
4900932,1506831910.3804054
4901416,1506831970.047503
4901826,1506832030.104369
4902181,1506832090.381266
4902593,1506832150.2711902
4904300,1506832210.1055865
4904692,1506832270.2178228
4906137,1506832330.5493348
4906598,1506832390.0479617
4907179,1506832450.1072898
4907663,1506832510.0486958
4908092,1506832570.0525317
4908544,1506832630.1071844
4909065,1506832690.4941552
4909519,1506832750.1075528
4910180,1506832810.1101217
4910659,1506832870.0520837
4911134,1506832930.439922
4911455,1506832990.051811
4911910,1506833050.1643548
4912356,1506833110.0515773
4912721,1506833170.163891
4913183,1506833230.051876
4913604,1506833290.0555422
4914272,1506833350.1608758
4914662,1506833410.273757
4915038,1506833470.0525627
4915518,1506833530.2761445
4915894,1506833590.166259
4916301,1506833650.551766
4916729,1506833710.05082
4917082,1506833770.3894389
4917474,1506833830.110162
4918070,1506833890.1101992
4918477,1506833950.1650822
4920019,1506834010.1096776
4920470,1506834070.388341
4920853,1506834130.0519147
4921200,1506834190.2203834
4921644,1506834250.1655407
4922451,1506834310.1088843
4922796,1506834370.0549364
4923249,1506834430.1664968
4923698,1506834490.221812
4924132,1506834550.3857148
4924485,1506834610.1657724
4924929,1506834670.1700401
4925412,1506834730.4462683
4925884,1506834790.169757
4926289,1506834850.5552113
4926792,1506834910.0587604
4927213,1506834970.1675851
4927567,1506835030.0570385
4928194,1506835090.2216423
4928588,1506835150.0552948
4929259,1506835210.2787194
4929688,1506835270.279175
4930453,1506835330.1686592
4930896,1506835390.0589404
4931277,1506835450.3337443
4931688,1506835510.1143339
4932083,1506835570.115284
4932495,1506835630.0584788
4933251,1506835690.0614526
4933650,1506835750.1137903
4934114,1506835810.1162963
4934517,1506835870.0581162
4935004,1506835930.05832
4936640,1506835990.115793
4936997,1506836050.0588918
4937365,1506836110.057979
4937753,1506836170.2837625
4938129,1506836230.1731777
4938508,1506836290.0602446
4938830,1506836350.2819324
4939199,1506836410.450178
4939527,1506836470.062762
4939856,1506836530.173961
4940320,1506836590.2263901
4940671,1506836650.118685
4941144,1506836710.1177936
4941541,1506836770.1720743
4941903,1506836830.1223528
4942226,1506836890.060935
4942677,1506836950.175514
4943078,1506837010.120706
4943452,1506837070.0627015
4943827,1506837130.0621476
4944749,1506837190.2837672
4945101,1506837250.1194556
4945632,1506837310.117368
4946016,1506837370.3948104
4946478,1506837430.1182797
4946802,1506837490.1257966
4947199,1506837550.0619354
4947621,1506837610.1181686
4948293,1506837670.0662014
4948947,1506837730.0631888
4949291,1506837790.066396
4949663,1506837850.397099
4950064,1506837910.1193957
4950418,1506837970.2868612
4951127,1506838030.1196978
4951476,1506838090.0666382
4951867,1506838150.119892
4952239,1506838210.3989189
4953653,1506838270.0722349
4954282,1506838330.0681117
4954634,1506838390.401142
4955066,1506838450.0652852
4955358,1506838510.0667343
4955701,1506838570.1218634
4956142,1506838630.1262228
4956516,1506838690.2322378
4956936,1506838750.237136
4957262,1506838810.2946322
4957945,1506838870.2891765
4958300,1506838930.123277
4958637,1506838990.4033384
4959153,1506839050.2930841
4959571,1506839110.0131853
4959995,1506839170.0687976
4960299,1506839230.292766
4960611,1506839290.0125425
4960973,1506839350.1276627
4961319,1506839410.0706403
4961800,1506839470.017703
4962092,1506839530.0694034
4962428,1506839590.069548
4962740,1506839650.071114
4963082,1506839710.0164561
4963416,1506839770.019249
4963728,1506839830.1799934
4964034,1506839890.0169635
4964348,1506839950.1291156
4964652,1506840010.0747871
4964971,1506840070.2424917
4965262,1506840130.1266534
4965643,1506840190.0752225
4965947,1506840250.0751
4966251,1506840310.0150905
4966607,1506840370.0190644
4966922,1506840430.0202496
4967308,1506840490.0176394
4967596,1506840550.0199854
4967871,1506840610.1280355
4968208,1506840670.1304133
4968485,1506840730.186839
4968837,1506840790.0732384
4969166,1506840850.0749214
4969435,1506840910.0169678
4969751,1506840970.019058
4970031,1506841030.1390164
4970366,1506841090.0190206
4970635,1506841150.187885
4971485,1506841210.1296408
4971901,1506841270.0752652
4972187,1506841330.1293757
4972472,1506841390.2433531
4972853,1506841450.299325
4973090,1506841510.0196419
4973409,1506841570.0756853
4973746,1506841630.020129
4974095,1506841690.140585
4974366,1506841750.2418258
4974648,1506841810.0767775
4974974,1506841870.0209992
4975292,1506841930.0218565
4975698,1506841990.1330433
4975982,1506842050.0225322
4976279,1506842110.080554
4976608,1506842170.1325219
4976971,1506842230.1363235
4977284,1506842290.1896086
4977546,1506842350.472019
4977828,1506842410.0232322
4978231,1506842470.2454388
4978471,1506842530.0810812
4978752,1506842590.0252786
4979085,1506842650.0265813
4979364,1506842710.1922352
4979607,1506842770.0260699
4979877,1506842830.081997
4980241,1506842890.025567
4980513,1506842950.0820816
4980747,1506843010.0277221
4981083,1506843070.0826325
4981391,1506843130.029592
4981672,1506843190.0814452
4982175,1506843250.1380913
4982501,1506843310.0811613
4982786,1506843370.0882347
4983033,1506843430.084368
4983369,1506843490.029727
4983642,1506843550.027165
4983893,1506843610.085478
4984158,1506843670.0825331
4984501,1506843730.0261483
4984838,1506843790.0857356
4985133,1506843850.4183924
4986258,1506843910.2493289
4986578,1506843970.0872166
4986811,1506844030.1958163
4987124,1506844090.368735
4987385,1506844150.0858772
4987714,1506844210.0864205
4987973,1506844270.1425843
4988207,1506844330.0291789
4988453,1506844390.032619
4988694,1506844450.478033
4988915,1506844510.474968
4989159,1506844570.1981292
4989416,1506844630.5323005
4990502,1506844690.030539
4990789,1506844750.14261
4991019,1506844810.0317082
4991253,1506844870.0323842
4991564,1506844930.035553
4991857,1506844990.0336
4992117,1506845050.088784
4992396,1506845110.0316868
4992982,1506845170.0362315
4993238,1506845230.3694959
4993459,1506845290.0913885
4993710,1506845350.3640726
4993953,1506845410.1462445
4994233,1506845470.0875967
4994477,1506845530.0895653
4994719,1506845590.147501
4994955,1506845650.036214
4995185,1506845710.2547345
4995417,1506845770.1476076
4995677,1506845830.0900724
4995920,1506845890.0356822
4996254,1506845950.0381458
4996454,1506846010.2605672
4996742,1506846070.0342152
4997202,1506846130.0914505
4997447,1506846190.0949643
4997715,1506846250.4805696
4997949,1506846310.0929298
4998201,1506846370.0922472
4998442,1506846430.09724
4998707,1506846490.0368338
4998952,1506846550.0372214
4999179,1506846610.2048655
4999540,1506846670.1505194
4999771,1506846730.0363944
5000025,1506846790.0963156
5000322,1506846850.2616882
5000571,1506846910.0411267
5000979,1506846970.040495
5001419,1506847030.0934668
5001671,1506847090.0941765
5001944,1506847150.0961468
5002197,1506847210.097867
5002433,1506847270.0937393
5002651,1506847330.1516483
5002918,1506847390.0421493
5003188,1506847450.0980246
5003432,1506847510.0439677
5003657,1506847570.0977898
5003910,1506847630.0400434
5004170,1506847690.3773205
5004418,1506847750.2103415
5004633,1506847810.1580474
5004886,1506847870.0992682
5005144,1506847930.1556358
5005466,1506847990.0468528
5005705,1506848050.1539545
5005993,1506848110.0988247
5006212,1506848170.3227475
5006423,1506848230.1553218
5006662,1506848290.0451605
5006908,1506848350.1562052
5007118,1506848410.491104
5007401,1506848471.0454102
5007688,1506848531.1574528
5007914,1506848591.3243465
5008113,1506848651.0447829
5008341,1506848711.1018062
5008606,1506848771.1013105
5008849,1506848831.2149017
5009176,1506848891.046859
5009502,1506848951.102493
5009807,1506849011.1040883
5010783,1506849071.1027029
5011044,1506849131.3828995
5011234,1506849191.216916
5011553,1506849251.0462084
5011755,1506849311.1020052
5012004,1506849371.048663
5012213,1506849431.1053207
5012465,1506849491.1056898
5012704,1506849551.1051815
5012940,1506849611.1599524
5013174,1506849671.1042137
5013435,1506849731.0475514
5013661,1506849791.4400651
5013960,1506849851.109682
5014210,1506849911.2730713
5014531,1506849971.053775
5014760,1506850031.3842487
5014980,1506850091.0518706
5015204,1506850151.1631775
5015402,1506850211.160789
5015685,1506850271.051109
5015918,1506850331.1052413
5016124,1506850391.1087272
5016364,1506850451.109077
5016578,1506850511.1099958
5016795,1506850571.1090696
5017047,1506850631.1623323
5017295,1506850691.1100008
5017542,1506850751.0519004
5017743,1506850811.6091974
5019221,1506850871.1697133
5019441,1506850931.2781289
5019659,1506850991.443488
5019871,1506851051.1664476
5020041,1506851111.0570958
5020267,1506851171.1649628
5020488,1506851231.0549378
5020719,1506851291.4987106
5020897,1506851351.4457593
5021152,1506851411.1107683
5021434,1506851471.276666
5021717,1506851531.2799416
5021896,1506851591.223449
5022114,1506851651.2242496
5022302,1506851711.1140645
5022558,1506851771.2232811
5022748,1506851831.1132832
5022953,1506851891.4464831
5023163,1506851951.2283053
5023444,1506852011.1113532
5023740,1506852071.0618
5023958,1506852131.2805607
5024163,1506852191.1119616
5024485,1506852251.2265625
5024715,1506852311.1163213
5024921,1506852371.0608501
5025133,1506852431.2262142
5025352,1506852491.0643525
5025606,1506852551.116387
5025848,1506852611.0595295
5026085,1506852671.1184063
5026313,1506852731.3386111
5026584,1506852791.1162474
5026774,1506852851.062457
5027021,1506852911.0642
5027213,1506852971.0614738
5027470,1506853031.2872381
5027711,1506853091.1192656
5027904,1506853151.2868886
5028145,1506853211.1199536
5028380,1506853271.1200557
5028550,1506853331.6749632
5028753,1506853391.1194072
5029018,1506853451.117586
5029586,1506853511.2314687
5029787,1506853571.177001
5030012,1506853631.123773
5030231,1506853691.0691464
5030945,1506853751.0666633
5031186,1506853811.1200945
5031473,1506853871.1216552
5031761,1506853931.177567
5031944,1506853991.1781085
5032225,1506854051.123598
5032421,1506854111.0142672
5032628,1506854171.0675194
5032855,1506854231.1246724
5033925,1506854291.012939
5034223,1506854351.3453422
5034457,1506854411.178655
5034675,1506854471.1236408
5034923,1506854531.0721827
5035202,1506854591.0156822
5035409,1506854651.013033
5035612,1506854711.4064782
5035834,1506854771.0131192
5036077,1506854831.069145
5036372,1506854891.0148487
5036597,1506854951.1836166
5036870,1506855011.068389
5037070,1506855071.1290412
5037293,1506855131.015582
5037536,1506855191.0160446
5037807,1506855251.1802604
5038043,1506855311.238619
5038240,1506855371.0705462
5038471,1506855431.354637
5038679,1506855491.2395673
5038931,1506855551.0167046
5039158,1506855611.4106393
5039403,1506855671.0166633
5039613,1506855731.4061105
5039836,1506855791.0165029
5040064,1506855851.073273
5040324,1506855911.0198193
5040512,1506855971.074169
5040810,1506856031.4625459
5041006,1506856091.1850288
5041198,1506856151.0218852
5041407,1506856211.01866
5041681,1506856271.076261
5041930,1506856331.0195138
5042124,1506856391.1311228
5042460,1506856451.0230482
5042666,1506856511.1872845
5042888,1506856571.1312892
5043069,1506856631.0229175
5043295,1506856691.1333065
5043556,1506856751.4114065
5043773,1506856811.1362197
5043967,1506856871.0202675
5044194,1506856931.0243213
5044400,1506856991.0794294
5044681,1506857051.081207
5044920,1506857111.023174
5045151,1506857171.024374
5045383,1506857231.246664
5045593,1506857291.026528
5046120,1506857351.0790668
5046357,1506857411.078655
5046791,1506857471.4154289
5047012,1506857531.0270958
5047295,1506857591.253258
5047528,1506857651.026436
5047767,1506857711.1922257
5047952,1506857771.0283003
5048218,1506857831.1380787
5048445,1506857891.1383517
5048657,1506857951.0272732
5048858,1506858011.0259795
5049112,1506858071.0288599
5049308,1506858131.1936872
5049527,1506858191.1381416
5049747,1506858251.0278344
5050020,1506858311.1411295
5050268,1506858371.029964
5050489,1506858431.0836866
5050785,1506858491.028198
5051041,1506858551.8636434
5051254,1506858611.1416585
5051734,1506858671.1424708
5052035,1506858731.0318213
5052268,1506858791.0313852
5052760,1506858851.0324223
5052995,1506858911.0317128
5053218,1506858971.0859017
5053464,1506859031.1460059
5053721,1506859091.198338
5054007,1506859151.1423063
5054677,1506859211.1462648
5054859,1506859271.6435308
5055280,1506859331.146565
5055622,1506859391.0343268
5055857,1506859451.0337982
5056045,1506859511.147789
5056263,1506859571.035137
5056455,1506859631.0884778
5056685,1506859691.035419
5056870,1506859751.0904622
5057128,1506859811.0373554
5057361,1506859871.3683145
5057577,1506859931.1450982
5057795,1506859991.371116
5058033,1506860051.425642
5058321,1506860111.0925598
5058551,1506860171.427129
5058818,1506860231.2646134
5059049,1506860291.3688595
5059271,1506860351.0939739
5059734,1506860411.1494515
5059971,1506860471.0398512
5060214,1506860531.0369189
5060462,1506860591.0413024
5060693,1506860651.3188217
5060955,1506860711.096618
5061180,1506860771.0377762
5061458,1506860831.0941541
5061692,1506860891.1521392
5061947,1506860951.15101
5062560,1506861011.261908
5062895,1506861071.0384388
5063166,1506861131.2117455
5063382,1506861191.0397677
5063653,1506861251.0427582
5064113,1506861311.0418947
5064346,1506861371.1512358
5064606,1506861431.2075953
5064855,1506861491.0984707
5065092,1506861551.541208
5065558,1506861611.3740156
5065776,1506861671.0414643
5066205,1506861731.043827
5066415,1506861791.209554
5066648,1506861851.0430462
5066966,1506861911.212171
5067201,1506861971.0464237
5067457,1506862031.4323552
5067728,1506862091.3746567
5067948,1506862151.2682972
5068175,1506862211.0443678
5068431,1506862271.5453377
5068714,1506862331.0439115
5068938,1506862391.4897175
5069185,1506862451.1010394
5069470,1506862511.322772
5069817,1506862571.0449557
5070132,1506862631.0444016
5071563,1506862691.0461206
5071826,1506862751.1587036
5072373,1506862811.0445752
5072647,1506862871.1020856
5073858,1506862931.0475037
5074090,1506862991.0471914
5074335,1506863051.0514987
5074628,1506863111.271938
5074870,1506863171.4370513
5075161,1506863231.381785
5075479,1506863291.1592793
5075830,1506863351.1041071
5076126,1506863411.050307
5076391,1506863471.2159774
5076601,1506863531.494054
5076974,1506863591.0481153
5077601,1506863651.2164075
5078444,1506863711.1063473
5078745,1506863771.159453
5079113,1506863831.0532446
5079405,1506863891.16028
5080081,1506863951.2175262
5080477,1506864011.0511785
5080775,1506864071.221554
5081116,1506864131.1044035
5081623,1506864191.1057804
5082000,1506864251.1058314
5082272,1506864311.1076677
5082562,1506864371.3879428
5083082,1506864431.1062295
5083396,1506864491.1088147
5085071,1506864551.0522945
5086916,1506864611.108316
5088056,1506864671.1093507
5088735,1506864731.0514274
5089618,1506864791.1077125
5089948,1506864851.0513277
5090566,1506864911.05623
5090848,1506864971.3323839
5091154,1506865031.1633267
5091479,1506865091.2758582
5092215,1506865151.0542707
5092487,1506865211.2784636
5092808,1506865271.1092706
5093079,1506865331.1087883
5093428,1506865391.666434
5093818,1506865451.1704915
5094164,1506865511.360897
5094568,1506865571.1629963
5094966,1506865631.1941352
5095246,1506865691.1184552
5095545,1506865751.0430133
5096379,1506865811.1435452
5096701,1506865871.0190508
5097043,1506865931.120596
5097301,1506865991.1659749
5097634,1506866051.1535866
5097955,1506866111.0922015
5098943,1506866171.0868797
5099473,1506866231.1890419
5099774,1506866291.241332
5100124,1506866351.0126886
5100443,1506866411.062455
5100818,1506866471.2222557
5101121,1506866531.165717
5101419,1506866591.1581564
5101722,1506866651.1023989
5102067,1506866711.0379348
5103395,1506866771.0314732
5103833,1506866831.1975977
5104196,1506866891.301833
5104506,1506866951.074524
5104881,1506867011.0214942
5105228,1506867071.4026663
5105835,1506867131.039241
5107485,1506867191.0537324
5107794,1506867251.1206963
5108294,1506867311.1308265
5108687,1506867371.0794373
5109124,1506867431.1419826
5109730,1506867491.145403
5110039,1506867551.090909
5111180,1506867611.5332248
5112973,1506867671.1434247
5113714,1506867731.0338678
5114070,1506867791.0337346
5114592,1506867851.0902836
5114886,1506867911.2042086
5115226,1506867971.032908
5115809,1506868031.092023
5116134,1506868091.1491287
5116522,1506868151.0965018
5118198,1506868211.0409226
5118524,1506868271.0980597
5118850,1506868331.3234665
5119271,1506868391.1014903
5120017,1506868451.4384468
5120467,1506868511.1023524
5120853,1506868571.1626744
5121276,1506868631.2111297
5121624,1506868691.269699
5122051,1506868751.3779325
5123205,1506868811.2056706
5123643,1506868871.1535213
5124075,1506868931.4279025
5124483,1506868991.0951574
5125853,1506869051.4290152
5126306,1506869111.0948887
5126750,1506869171.2077017
5127089,1506869231.0397303
5127820,1506869291.0396876
5128316,1506869351.0395038
5131989,1506869411.321434
5132390,1506869471.1021836
5132738,1506869531.1018
5133055,1506869591.1548104
5133415,1506869651.046416
5133838,1506869711.046138
5134227,1506869771.2118125
5134576,1506869831.1032066
5135645,1506869891.2725322
5135954,1506869951.3824463
5136402,1506870011.2240362
5136803,1506870071.1643999
5137149,1506870131.1118593
5137577,1506870191.0552366
5138632,1506870251.0594766
5139019,1506870311.4434738
5141741,1506870371.2261374
5142230,1506870431.111919
5148451,1506870491.0605175
5148836,1506870551.2305472
5149539,1506870611.1167433
5150107,1506870671.1684299
5150535,1506870731.3287418
5150894,1506870791.2692325
5151432,1506870851.2649295
5151969,1506870911.0432782
5153058,1506870971.3176804
5153409,1506871031.037532
5153966,1506871091.035299
5154533,1506871151.5374959
5154967,1506871211.0927715
5157976,1506871271.0336359
5158472,1506871331.0877051
5159111,1506871391.0297372
5159839,1506871451.0850983
5160302,1506871511.1412292
5160640,1506871571.085029
5161061,1506871631.0840344
5161390,1506871691.5835986
5161800,1506871751.5864449
5162187,1506871811.0827534
5162862,1506871871.0827196
5164007,1506871931.0280168
5166290,1506871991.140174
5166715,1506872051.4162345
5167108,1506872111.1391063
5167632,1506872171.0257452
5168109,1506872231.0861006
5168521,1506872291.026376
5168901,1506872351.253093
5169332,1506872411.0277448
5169817,1506872471.030887
5170327,1506872531.1398466
5170808,1506872591.0306864
5171402,1506872651.0304224
5172792,1506872711.2502797
5173506,1506872771.13917
5174053,1506872831.0783546
5174414,1506872891.1337523
5174969,1506872951.2495723
5175366,1506873011.0215676
5175863,1506873071.1870317
5176424,1506873131.1349483
5176819,1506873191.0234017
5177391,1506873251.0242221
5177837,1506873311.1849594
5178266,1506873371.0765278
5178721,1506873431.1321867
5179297,1506873491.0205588
5180013,1506873551.1281736
5180481,1506873611.0189993
5180958,1506873671.0756905
5181451,1506873731.0219917
5182257,1506873791.0197244
5182734,1506873851.0224366
5183306,1506873911.0174425
5183763,1506873971.1294255
5184245,1506874031.129568
5184635,1506874091.0716188
5185169,1506874151.0760555
5185678,1506874211.076463
5186182,1506874271.0169222
5186693,1506874331.0195522
5187098,1506874391.0192006
5187534,1506874451.0754454
5188000,1506874511.29831
5190697,1506874571.017716
5191217,1506874631.0202556
5191823,1506874691.1277688
5192561,1506874751.0171754
5192936,1506874811.0192444
5193500,1506874871.2404504
5194059,1506874931.1319067
5194485,1506874991.0191283
5194982,1506875051.074335
5196154,1506875111.1299157
5196706,1506875171.2987916
5197449,1506875231.1317747
5200945,1506875291.1843517
5201431,1506875351.0188305
5202094,1506875411.0194907
5203272,1506875471.015861
5204621,1506875531.2950788
5205362,1506875591.0201983
5205875,1506875651.0161889
5206422,1506875711.0757213
5207164,1506875771.1872256
5207723,1506875831.1308782
5208239,1506875891.1831906
5208914,1506875951.2963657
5209469,1506876011.132574
5210001,1506876071.297084
5210464,1506876131.0738137
5211055,1506876191.0181167
5211654,1506876251.1308985
5212184,1506876311.0749989
5212770,1506876371.0194306
5213250,1506876431.017452
5213723,1506876491.0197842
5214186,1506876551.0188956
5214630,1506876611.128058
5215189,1506876671.130712
5216005,1506876731.073097
5216522,1506876791.0173395
5217627,1506876851.2392673
5218199,1506876911.073709
5218723,1506876971.0749857
5219244,1506877031.1308603
5219797,1506877091.0200672
5222229,1506877151.072001
5222705,1506877211.0186815
5223321,1506877271.0737703
5223832,1506877331.1846874
5224296,1506877391.0192347
5224811,1506877451.2974677
5225368,1506877511.351514
5226159,1506877571.183465
5226749,1506877631.0710695
5227402,1506877691.1340778
5228149,1506877751.071489
5228835,1506877811.1282864
5229342,1506877871.2939487
5229902,1506877931.020527
5230482,1506877991.0739517
5233364,1506878051.073536
5233922,1506878111.183757
5234429,1506878171.241226
5235015,1506878231.073814
5235466,1506878291.074509
5236010,1506878351.186715
5236690,1506878411.1282465
5237362,1506878471.0225654
5237883,1506878531.0160785
5238453,1506878591.1317418
5238998,1506878651.018003
5239532,1506878711.016427
5240254,1506878771.1272316
5240908,1506878831.128583
5241587,1506878891.0737057
5242632,1506878951.0182722
5243091,1506879011.0771942
5243582,1506879071.0743945
5244213,1506879131.0234766
5244776,1506879191.0217373
5245186,1506879251.1347222
5245730,1506879311.0222943
5246406,1506879371.3032682
5246981,1506879431.1359384
5247521,1506879491.1899204
5248032,1506879551.0184464
5248599,1506879611.080456
5249182,1506879671.131682
5249723,1506879731.1332214
5250511,1506879791.0252583
5251063,1506879851.026245
5252033,1506879911.1889935
5253230,1506879971.1341102
5253673,1506880031.0261714
5254293,1506880091.0780792
5254899,1506880151.077853
5255502,1506880211.023427
5256129,1506880271.7462897
5256637,1506880331.133618
5257242,1506880391.3572438
5257911,1506880451.1905344
5258424,1506880511.025166
5259034,1506880571.0845277
5259738,1506880631.1912315
5260467,1506880691.13531
5261169,1506880751.307339
5261736,1506880811.1912186
5262325,1506880871.0816395
5262866,1506880931.0262349
5263447,1506880991.1352232
5264078,1506881051.0790563
5264765,1506881111.1351278
5265395,1506881171.0239055
5265927,1506881231.0753005
5267731,1506881291.0220072
5268338,1506881351.2455292
5269008,1506881411.079661
5269713,1506881471.0772634
5270264,1506881531.0222657
5271464,1506881591.0209012
5272182,1506881651.185949
5272848,1506881711.0785437
5273470,1506881771.0765035
5274015,1506881831.077599
5274661,1506881891.466366
5275188,1506881951.1890538
5277464,1506882011.0226884
5278002,1506882071.1314478
5278788,1506882131.019856
5279311,1506882191.2965791
5279959,1506882251.078324
5280667,1506882311.0192442
5281180,1506882371.019269
5282188,1506882431.0183113
5282783,1506882491.0230017
5283728,1506882551.02357
5284510,1506882611.0211406
5285142,1506882671.0752184
5285644,1506882731.0790973
5286188,1506882791.0732586
5286829,1506882851.0210779
5287442,1506882911.078458
5288056,1506882971.0212116
5288799,1506883031.1886942
5289418,1506883091.0178106
5290072,1506883151.0179298
5290733,1506883211.1881313
5291307,1506883271.0754037
5291918,1506883331.0190825
5292686,1506883391.0718858
5293339,1506883451.185003
5294094,1506883511.0166671
5294788,1506883571.0168324
5295366,1506883631.0762615
5296023,1506883691.0200136
5296672,1506883751.0757833
5297309,1506883811.01715
5297952,1506883871.2934728
5298511,1506883931.0726998
5299067,1506883991.1839852
5299728,1506884051.0203333
5300338,1506884111.3524196
5301050,1506884171.298714
5301761,1506884231.020053
5302255,1506884291.133624
5302824,1506884351.073121
5303392,1506884411.130052
5304129,1506884471.5195687
5304605,1506884531.0731826
5305356,1506884591.1274414
5305936,1506884651.019076
5306555,1506884711.4055865
5307187,1506884771.1858792
5308275,1506884831.128059
5308968,1506884891.187141
5309613,1506884951.128189
5310203,1506885011.0168831
5310698,1506885071.1838026
5311205,1506885131.0191042
5311819,1506885191.1817648
5312948,1506885251.0733953
5313543,1506885311.0712178
5314151,1506885371.014289
5314900,1506885431.1824994
5315455,1506885491.2375576
5316098,1506885551.1846716
5316794,1506885611.015451
5317393,1506885671.0188227
5318328,1506885731.0740373
5319037,1506885791.4040468
5320124,1506885851.015803
5320913,1506885911.0167913
5321789,1506885971.0168557
5322370,1506886031.0725837
5323021,1506886091.2392154
5323694,1506886151.0716944
5324292,1506886211.0735514
5324962,1506886271.0738199
5325877,1506886331.2383273
5326649,1506886391.1295178
5327296,1506886451.0171242
5327936,1506886511.0729275
5328575,1506886571.1830075
5329241,1506886631.0162506
5330041,1506886691.1820529
5330729,1506886751.0714343
5331301,1506886811.017715
5332005,1506886871.182174
5332512,1506886931.0182865
5333193,1506886991.0167062
5333839,1506887051.0171824
5334404,1506887111.464223
5335260,1506887171.0183694
5335949,1506887231.0144866
5336571,1506887291.1826954
5337297,1506887351.2954073
5338147,1506887411.0173714
5338819,1506887471.071276
5339414,1506887531.0146408
5340072,1506887591.294137
5340782,1506887651.126478
5341472,1506887711.0163555
5342333,1506887771.0170746
5342961,1506887831.1269007
5343693,1506887891.0214252
5344397,1506887951.0180612
5345084,1506888011.2371087
5345706,1506888071.013801
5346411,1506888131.0180898
5347092,1506888191.1824172
5347868,1506888251.0147
5348400,1506888311.293291
5349047,1506888371.3489385
5350218,1506888431.296024
5350822,1506888491.020594
5351744,1506888551.0710888
5352478,1506888611.238725
5353405,1506888671.1266391
5354694,1506888731.0224109
5355256,1506888791.0748084
5355921,1506888851.1288085
5356620,1506888911.0756536
5357180,1506888971.015025
5357883,1506889031.075531
5358476,1506889091.0207665
5359098,1506889151.0167994
5359724,1506889211.020879
5360474,1506889271.0752337
5361189,1506889331.2996845
5362286,1506889391.1327865
5366332,1506889451.1316535
5367258,1506889511.1895204
5368027,1506889571.0800571
5368621,1506889631.080303
5369402,1506889691.1348124
5370164,1506889751.0276659
5370841,1506889811.1360145
5371912,1506889871.0226912
5372654,1506889931.079065
5373196,1506889991.0795636
5373985,1506890051.0232081
5374732,1506890111.2457542
5375461,1506890171.081854
5376263,1506890231.079517
5377004,1506890291.1918204
5377651,1506890351.1918395
5378292,1506890411.1391566
5379215,1506890471.6404006
5380105,1506890531.3587677
5380718,1506890591.0812325
5381369,1506890651.079892
5382001,1506890711.1932101
5382644,1506890771.0255666
5383294,1506890831.0271878
5383835,1506890891.0822978
5384912,1506890951.2530751
5385475,1506891011.1372573
5386074,1506891071.0257754
5387443,1506891131.1963046
5388137,1506891191.0286198
5389155,1506891251.023533
5390422,1506891311.1360466
5392159,1506891371.0237415
5392783,1506891431.3032696
5393438,1506891491.0234556
5394265,1506891551.4669642
5394947,1506891611.07983
5395765,1506891671.1335554
5396447,1506891731.028823
5398269,1506891791.0791056
5398996,1506891851.1366682
5399645,1506891911.0801365
5400276,1506891971.0806608
5401155,1506892031.1363037
5401913,1506892091.0259705
5402662,1506892151.077031
5403673,1506892211.1328588
5404468,1506892271.0229626
5405219,1506892331.024894
5405779,1506892391.0795023
5406697,1506892451.1895525
5407980,1506892511.2482011
5408666,1506892571.13514
5409361,1506892631.0226598
5410099,1506892691.3032477
5410836,1506892751.3010843
5411657,1506892811.1886232
5412268,1506892871.081581
5413107,1506892931.022134
5413874,1506892991.410747
5414701,1506893051.3020203
5415538,1506893111.4118593
5416243,1506893171.1350636
5416948,1506893231.0231464
5417484,1506893291.0232828
5418382,1506893351.0812137
5419049,1506893411.1354952
5419933,1506893471.024274
5420505,1506893531.1349235
5421072,1506893591.4118717
5421823,1506893651.0794897
5422458,1506893711.0222955
5423823,1506893771.0228376
5425100,1506893831.023489
5425850,1506893891.0804172
5430816,1506893951.0263023
5431637,1506894011.076894
5432368,1506894071.4650388
5433164,1506894131.0783527
5433966,1506894191.0283916
5434694,1506894251.0241995
5435417,1506894311.1952264
5436092,1506894371.355573
5438127,1506894431.2475734
5438858,1506894491.0220814
5439746,1506894551.0768638
5440632,1506894611.0792003
5441258,1506894671.1330242
5442119,1506894731.0203245
5442796,1506894791.0801678
5443412,1506894851.2983687
5444213,1506894911.6348317
5444895,1506894971.076439
5446110,1506895031.0227487
5446723,1506895091.078227
5447312,1506895151.0290332
5448113,1506895211.1898065
5448865,1506895271.187744
5449567,1506895331.0248525
5450990,1506895391.077763
5451994,1506895451.1318932
5453027,1506895511.02215
5454982,1506895571.0767262
5455790,1506895631.0214813
5456510,1506895691.0234454
5457207,1506895751.076709
5458285,1506895811.0817893
5459050,1506895871.020322
5459755,1506895931.0203598
5460513,1506895991.2996016
5461242,1506896051.6361084
5461887,1506896111.0204453
5462953,1506896171.2430973
5463790,1506896231.0208092
5465025,1506896291.0229876
5466664,1506896351.0232193
5467304,1506896411.0227947
5468126,1506896471.0241513
5468860,1506896531.077896
5469614,1506896591.3054528
5470590,1506896651.0809655
5471344,1506896711.1338737
5472427,1506896771.1360455
5473064,1506896831.021338
5473884,1506896891.1351175
5474510,1506896951.0256321
5475262,1506897011.025831
5476088,1506897071.1899586
5476923,1506897131.022674
5477850,1506897191.02202
5478694,1506897251.0778863
5479533,1506897311.0237105
5480328,1506897371.0773447
5480948,1506897431.0215526
5482406,1506897491.0804636
5483028,1506897551.0801044
5483723,1506897611.0243475
5484861,1506897671.0783894
5486028,1506897731.0257103
5486738,1506897791.1930697
5487908,1506897851.0246594
5488822,1506897911.0797915
5489584,1506897971.077291
5490413,1506898031.0212085
5491099,1506898091.0771732
5491931,1506898151.080331
5492549,1506898211.1876702
5493282,1506898271.076979
5494035,1506898331.078932
5494770,1506898391.1882815
5495431,1506898451.02442
5496100,1506898511.1364682
5497103,1506898571.2436302
5497853,1506898631.0768986
5498635,1506898691.0200772
5499343,1506898751.0764196
5500037,1506898811.0783405
5500764,1506898871.4668746
5501602,1506898931.076598
5502269,1506898991.1875439
5502899,1506899051.0241446
5503793,1506899111.0796492
5505203,1506899171.134276
5505794,1506899231.0246377
5506564,1506899291.0790381
5507369,1506899351.025089
5508115,1506899411.6883254
5508731,1506899471.082998
5509370,1506899531.244122
5510111,1506899591.0242212
5510984,1506899651.1890419
5511673,1506899711.0236738
5512518,1506899771.0254543
5513378,1506899831.1322465
5514009,1506899891.0789995
5514722,1506899951.1914992
5515629,1506900011.0229297
5516265,1506900071.0218382
5516907,1506900131.1895373
5517608,1506900191.2999032
5518252,1506900251.0234683
5518916,1506900311.1893694
5519474,1506900371.468896
5520107,1506900431.1361773
5520762,1506900491.0843813
5521402,1506900551.0250099
5522086,1506900611.1914635
5522859,1506900671.0209403
5525543,1506900731.0242972
5526191,1506900791.1900833
5526902,1506900851.3008137
5527675,1506900911.0802138
5528555,1506900971.0773652
5529266,1506901031.134158
5530113,1506901091.077345
5530762,1506901151.0253026
5531479,1506901211.0801318
5532239,1506901271.4130359
5532854,1506901331.0266335
5533531,1506901391.1927462
5534142,1506901451.021821
5534790,1506901511.0231314
5535648,1506901571.131478
5536412,1506901631.0227945
5537015,1506901691.0227108
5537805,1506901751.1871936
5538484,1506901811.0201912
5539055,1506901871.1355197
5539736,1506901931.0215483
5540427,1506901991.2445428
5541051,1506902051.1881688
5541729,1506902111.0800798
5542407,1506902171.0758455
5544919,1506902231.0772521
5545677,1506902291.0190961
5546397,1506902351.3525372
5547364,1506902411.0230424
5548065,1506902471.7959268
5548739,1506902531.1304698
5549501,1506902591.0765727
5550134,1506902651.0201466
5550786,1506902711.131753
5551527,1506902771.2432098
5552178,1506902831.573749
5552876,1506902891.0203097
5553511,1506902951.1875963
5554158,1506903011.0761316
5554868,1506903071.02013
5555531,1506903131.1878016
5556199,1506903191.07957
5556824,1506903251.355348
5557507,1506903311.1303236
5558124,1506903371.244428
5558864,1506903431.1311238
5559503,1506903491.0195146
5560348,1506903551.0209134
5561466,1506903611.3531919
5562343,1506903671.191638
5562958,1506903731.0234385
5563665,1506903791.0232553
5564293,1506903851.0804942
5564920,1506903911.0795474
5565519,1506903971.1366007
5566178,1506904031.0236259
5566815,1506904091.1326723
5567505,1506904151.4131854
5568854,1506904211.1355047
5569430,1506904271.0225632
5570072,1506904331.135194
5570683,1506904391.5225043
5571406,1506904451.0235095
5571970,1506904511.0231595
5572639,1506904571.412755
5573507,1506904631.0804982
5574145,1506904691.245043
5574991,1506904751.3018944
5575630,1506904811.0243354
5576360,1506904871.078602
5577109,1506904931.139592
5577816,1506904991.0793474
5578588,1506905051.0797975
5579389,1506905111.301118
5580036,1506905171.0248868
5581853,1506905231.0266185
5582476,1506905291.0235872
5583217,1506905351.02695
5583766,1506905411.0811741
5584454,1506905471.0226915
5585203,1506905531.0246475
5586288,1506905591.191005
5586774,1506905651.1917486
5587615,1506905711.0803034
5588223,1506905771.0247207
5589215,1506905831.412932
5589775,1506905891.022781
5590422,1506905951.0820575
5591210,1506906011.0228984
5591970,1506906071.3568878
5592849,1506906131.0236402
5593509,1506906191.2487564
5594050,1506906251.0788786
5594640,1506906311.1350121
5595283,1506906371.0247579
5595831,1506906431.0252337
5596388,1506906491.137849
5596938,1506906551.0781248
5597623,1506906611.1894748
5598933,1506906671.633698
5599555,1506906731.191303
5600178,1506906791.0251584
5600888,1506906851.1907074
5601483,1506906911.248658
5602078,1506906971.0776622
5602823,1506907031.188915
5603333,1506907091.0235956
5603959,1506907151.246902
5604700,1506907211.0789828
5605289,1506907271.2447884
5605985,1506907331.0282118
5606845,1506907391.0227973
5607438,1506907451.134593
5607987,1506907511.3036575
5608669,1506907571.7470999
5609389,1506907631.0791886
5609956,1506907691.079194
5611841,1506907751.1396492
5612550,1506907811.079004
5613173,1506907871.0811307
5613849,1506907931.1356
5614495,1506907991.025295
5615154,1506908051.1361668
5615841,1506908111.3041193
5616386,1506908171.0872066
5617488,1506908231.362369
5618058,1506908291.3603573
5618726,1506908351.0860186
5619273,1506908411.0839088
5619943,1506908471.0825496
5620569,1506908531.249453
5621146,1506908591.0833428
5621791,1506908651.1409068
5622362,1506908711.0301025
5622939,1506908771.02764
5623553,1506908831.0294106
5624224,1506908891.1395526
5625020,1506908951.3053362
5625602,1506909011.1946526
5626732,1506909071.0827446
5628327,1506909131.0851078
5629159,1506909191.2521925
5629687,1506909251.0845447
5630617,1506909311.3040802
5631161,1506909371.3068106
5631835,1506909431.1396656
5632370,1506909491.4223356
5632931,1506909551.08394
5633530,1506909611.25269
5634185,1506909671.4723864
5634779,1506909731.19838
5635313,1506909791.309316
5635829,1506909851.1966774
5636497,1506909911.0858252
5639371,1506909971.1440988
5640232,1506910031.032291
5640808,1506910091.1440816
5641417,1506910151.4197333
5642292,1506910211.028245
5642805,1506910271.0280218
5643273,1506910331.0302725
5643921,1506910391.308089
5644369,1506910451.0278525
5644856,1506910511.310237
5645504,1506910571.195463
5646059,1506910631.0287194
5646681,1506910691.028391
5647669,1506910751.0284345
5648199,1506910811.033709
5648669,1506910871.974602
5649218,1506910931.0854037
5649831,1506910991.0265286
5651043,1506911051.0287316
5651700,1506911111.0853257
5652284,1506911171.0303543
5652857,1506911231.0289822
5653303,1506911291.1955109
5653909,1506911351.0286522
5654795,1506911411.08699
5655441,1506911471.0852523
5655978,1506911531.030442
5656537,1506911591.6932034
5657251,1506911651.02939
5657849,1506911711.305674
5658649,1506911771.0272307
5659202,1506911831.4148226
5659740,1506911891.0253816
5660219,1506911951.1390119
5660700,1506912011.025276
5661293,1506912071.302787
5661829,1506912131.1920106
5662317,1506912191.0278325
5662896,1506912251.248206
5663465,1506912311.0247846
5664353,1506912371.0245254
5664984,1506912431.0259438
5665511,1506912491.025302
5666017,1506912551.1350076
5666542,1506912611.1340911
5667319,1506912671.192376
5668255,1506912731.1889687
5668784,1506912791.0236259
5669451,1506912851.3559575
5670010,1506912911.0243287
5670663,1506912971.077713
5671160,1506913031.1896014
5671846,1506913091.0816584
5672325,1506913151.0222108
5672892,1506913211.0796294
5673449,1506913271.1874855
5673914,1506913331.1330502
5674501,1506913391.1891453
5675041,1506913451.023073
5675493,1506913511.2454977
5676013,1506913571.023985
5676488,1506913631.1332679
5677180,1506913691.410971
5677870,1506913751.0221157
5678556,1506913811.07783
5679085,1506913871.576719
5680684,1506913931.522205
5681226,1506913991.187605
5681745,1506914051.0773284
5682259,1506914111.133835
5682854,1506914171.3551047
5683391,1506914231.0212023
5683994,1506914291.0237384
5684869,1506914351.0232315
5685370,1506914411.0217652
5686302,1506914471.411747
5686883,1506914531.0769434
5687416,1506914591.078201
5687851,1506914651.3577561
5688396,1506914711.3547256
5689005,1506914771.0231707
5690018,1506914831.0246236
5690530,1506914891.022118
5691527,1506914951.298177
5691986,1506915011.0212035
5692510,1506915071.1327493
5693001,1506915131.1319747
5693500,1506915191.021813
5693997,1506915251.1882164
5694487,1506915311.022018
5694953,1506915371.3541474
5695384,1506915431.133654
5695826,1506915491.132058
5696241,1506915551.35316
5696685,1506915611.0765045
5697351,1506915671.243782
5697767,1506915731.4637578
5698186,1506915791.0774531
5698832,1506915851.0796206
5699445,1506915911.4106195
5699852,1506915971.245052
5700275,1506916031.1340823
5700760,1506916091.1326551
5701245,1506916151.0229905
5701609,1506916211.1324103
5702033,1506916271.7988138
5702503,1506916331.1314752
5702962,1506916391.0771084
5703440,1506916451.0775647
5703822,1506916511.0244603
5704213,1506916571.0787375
5704684,1506916631.4110687
5705095,1506916691.245209
5705582,1506916751.0777247
